3.00000e+02	1.00000e+05	6.88972e-07	9.62554e-07	9.62554e-07
4.98990e+02	1.00000e+05	6.88972e-07	9.62554e-07	9.62554e-07
6.97980e+02	1.00000e+05	6.88972e-07	9.62554e-07	9.62554e-07
8.96970e+02	1.00000e+05	6.88972e-07	9.62554e-07	9.62554e-07
1.09596e+03	1.00000e+05	6.88972e-07	9.62554e-07	9.62554e-07
1.29495e+03	1.00000e+05	6.88972e-07	9.62554e-07	9.62554e-07
1.49394e+03	1.00000e+05	6.88972e-07	9.62554e-07	9.62554e-07
1.69293e+03	1.00000e+05	6.88972e-07	9.62554e-07	9.62554e-07
1.89192e+03	1.00000e+05	1.73409e-05	7.51995e-09	7.51995e-09
2.09091e+03	1.00000e+05	3.16309e-04	5.87501e-11	5.87501e-11
2.28990e+03	1.00000e+05	3.49299e-03	1.35929e-11	1.35929e-11
2.48889e+03	1.00000e+05	2.63294e-02	3.55538e-10	3.55538e-10
2.68788e+03	9.99999e+04	1.47427e-01	5.78439e-09	5.78439e-09
2.88687e+03	9.99993e+04	6.51975e-01	6.45518e-08	6.45518e-08
3.08586e+03	9.99976e+04	2.38332e+00	5.31348e-07	5.31348e-07
3.28485e+03	9.99925e+04	7.45461e+00	3.40864e-06	3.40864e-06
3.48384e+03	9.99795e+04	2.04894e+01	1.77813e-05	1.77813e-05
3.68283e+03	9.99495e+04	5.05319e+01	7.79802e-05	7.79802e-05
3.88182e+03	9.98863e+04	1.13691e+02	2.95205e-04	2.95205e-04
4.08081e+03	9.97635e+04	2.36473e+02	9.85369e-04	9.85369e-04
4.27980e+03	9.95404e+04	4.59608e+02	2.95033e-03	2.95033e-03
4.47879e+03	9.91580e+04	8.42013e+02	8.03569e-03	8.03569e-03
4.67778e+03	9.85356e+04	1.46433e+03	2.01388e-02	2.01388e-02
4.87677e+03	9.75687e+04	2.43118e+03	4.68791e-02	4.68791e-02
5.07576e+03	9.61287e+04	3.87110e+03	1.02139e-01	1.02139e-01
5.27475e+03	9.40670e+04	5.93260e+03	2.09593e-01	2.09593e-01
5.47374e+03	9.12244e+04	8.77475e+03	4.07105e-01	4.07105e-01
5.67273e+03	8.74477e+04	1.25507e+04	7.51449e-01	7.51449e-01
5.87172e+03	8.26139e+04	1.73835e+04	1.32215e+00	1.32215e+00
6.07071e+03	7.66619e+04	2.33337e+04	2.22250e+00	2.22250e+00
6.26970e+03	6.96280e+04	3.03649e+04	3.57528e+00	3.57528e+00
6.46869e+03	6.16761e+04	3.83129e+04	5.51096e+00	5.51096e+00
6.66768e+03	5.31105e+04	4.68732e+04	8.14799e+00	8.14799e+00
6.86667e+03	4.43564e+04	5.56205e+04	1.15690e+01	1.15690e+01
7.06566e+03	3.58984e+04	6.40700e+04	1.58011e+01	1.58011e+01
7.26465e+03	2.81877e+04	7.17707e+04	2.08112e+01	2.08112e+01
7.46364e+03	2.15485e+04	7.83985e+04	2.65218e+01	2.65218e+01
7.66263e+03	1.61239e+04	8.38104e+04	3.28409e+01	3.28409e+01
7.86162e+03	1.18848e+04	8.80358e+04	3.96919e+01	3.96919e+01
8.06061e+03	8.68472e+03	9.12212e+04	4.70299e+01	4.70299e+01
8.25960e+03	6.32675e+03	9.35636e+04	5.48422e+01	5.48422e+01
8.45859e+03	4.61504e+03	9.52587e+04	6.31403e+01	6.31403e+01
8.65758e+03	3.38157e+03	9.64745e+04	7.19493e+01	7.19493e+01
8.85657e+03	2.49420e+03	9.73432e+04	8.12999e+01	8.12999e+01
9.05556e+03	1.85435e+03	9.79632e+04	9.12232e+01	9.12232e+01
9.25455e+03	1.39065e+03	9.84059e+04	1.01748e+02	1.01748e+02
9.45354e+03	1.05234e+03	9.87219e+04	1.12900e+02	1.12900e+02
9.65253e+03	8.03600e+02	9.89470e+04	1.24701e+02	1.24701e+02
9.85152e+03	6.19193e+02	9.91065e+04	1.37169e+02	1.37169e+02
1.00505e+04	4.81311e+02	9.92180e+04	1.50322e+02	1.50322e+02
1.02495e+04	3.77332e+02	9.92943e+04	1.64170e+02	1.64170e+02
1.04485e+04	2.98255e+02	9.93443e+04	1.78726e+02	1.78726e+02
1.06475e+04	2.37619e+02	9.93744e+04	1.93997e+02	1.93997e+02
1.08465e+04	1.90751e+02	9.93893e+04	2.09989e+02	2.09989e+02
1.10455e+04	1.54242e+02	9.93923e+04	2.26708e+02	2.26708e+02
1.12444e+04	1.25591e+02	9.93861e+04	2.44157e+02	2.44157e+02
1.14434e+04	1.02945e+02	9.93724e+04	2.62336e+02	2.62336e+02
1.16424e+04	8.49223e+01	9.93526e+04	2.81246e+02	2.81246e+02
1.18414e+04	7.04833e+01	9.93277e+04	3.00886e+02	3.00886e+02
1.20404e+04	5.88421e+01	9.92987e+04	3.21253e+02	3.21253e+02
1.22394e+04	4.93994e+01	9.92659e+04	3.42343e+02	3.42343e+02
1.24384e+04	4.16952e+01	9.92300e+04	3.64151e+02	3.64151e+02
1.26374e+04	3.53740e+01	9.91913e+04	3.86672e+02	3.86672e+02
1.28364e+04	3.01597e+01	9.91500e+04	4.09897e+02	4.09897e+02
1.30354e+04	2.58361e+01	9.91065e+04	4.33819e+02	4.33819e+02
1.32343e+04	2.22332e+01	9.90609e+04	4.58428e+02	4.58428e+02
1.34333e+04	1.92165e+01	9.90134e+04	4.83715e+02	4.83715e+02
1.36323e+04	1.66790e+01	9.89640e+04	5.09668e+02	5.09668e+02
1.38313e+04	1.45350e+01	9.89129e+04	5.36274e+02	5.36274e+02
1.40303e+04	1.27159e+01	9.88602e+04	5.63523e+02	5.63523e+02
1.42293e+04	1.11660e+01	9.88060e+04	5.91400e+02	5.91400e+02
1.44283e+04	9.84031e+00	9.87504e+04	6.19890e+02	6.19890e+02
1.46273e+04	8.70198e+00	9.86933e+04	6.48980e+02	6.48980e+02
1.48263e+04	7.72095e+00	9.86350e+04	6.78654e+02	6.78654e+02
1.50253e+04	6.87246e+00	9.85753e+04	7.08896e+02	7.08896e+02
1.52242e+04	6.13609e+00	9.85145e+04	7.39689e+02	7.39689e+02
1.54232e+04	5.49488e+00	9.84525e+04	7.71017e+02	7.71017e+02
1.56222e+04	4.93476e+00	9.83893e+04	8.02863e+02	8.02863e+02
1.58212e+04	4.44393e+00	9.83251e+04	8.35208e+02	8.35208e+02
1.60202e+04	4.01254e+00	9.82599e+04	8.68036e+02	8.68036e+02
1.62192e+04	3.63228e+00	9.81937e+04	9.01327e+02	9.01327e+02
1.64182e+04	3.29615e+00	9.81266e+04	9.35064e+02	9.35064e+02
1.66172e+04	2.99822e+00	9.80585e+04	9.69228e+02	9.69228e+02
1.68162e+04	2.73345e+00	9.79897e+04	1.00380e+03	1.00380e+03
1.70152e+04	2.49755e+00	9.79200e+04	1.03876e+03	1.03876e+03
1.72141e+04	2.28684e+00	9.78495e+04	1.07410e+03	1.07410e+03
1.74131e+04	2.09819e+00	9.77783e+04	1.10978e+03	1.10978e+03
1.76121e+04	1.92889e+00	9.77065e+04	1.14580e+03	1.14580e+03
1.78111e+04	1.77662e+00	9.76339e+04	1.18214e+03	1.18214e+03
1.80101e+04	1.63936e+00	9.75608e+04	1.21877e+03	1.21877e+03
1.82091e+04	1.51537e+00	9.74871e+04	1.25569e+03	1.25569e+03
1.84081e+04	1.40314e+00	9.74129e+04	1.29286e+03	1.29286e+03
1.86071e+04	1.30135e+00	9.73381e+04	1.33028e+03	1.33028e+03
1.88061e+04	1.20886e+00	9.72630e+04	1.36792e+03	1.36792e+03
1.90051e+04	1.12464e+00	9.71873e+04	1.40577e+03	1.40577e+03
1.92040e+04	1.04783e+00	9.71113e+04	1.44381e+03	1.44381e+03
1.94030e+04	9.77656e-01	9.70350e+04	1.48202e+03	1.48202e+03
1.96020e+04	9.13427e-01	9.69583e+04	1.52038e+03	1.52038e+03
1.98010e+04	8.54547e-01	9.68814e+04	1.55889e+03	1.55889e+03
2.00000e+04	8.00483e-01	9.68042e+04	1.59752e+03	1.59752e+03
