3.00000e+02	1.00000e+05	2.82674e-07	1.05675e-07	9.37914e-08	1.99466e-07
4.98990e+02	1.00000e+05	2.82674e-07	1.05675e-07	9.37914e-08	1.99466e-07
6.97980e+02	1.00000e+05	2.82674e-07	1.05675e-07	9.37914e-08	1.99466e-07
8.96970e+02	1.00000e+05	2.82674e-07	1.05675e-07	9.37914e-08	1.99466e-07
1.09596e+03	1.00000e+05	2.82674e-07	1.05675e-07	9.37914e-08	1.99466e-07
1.29495e+03	1.00000e+05	2.82674e-07	1.05675e-07	9.37914e-08	1.99466e-07
1.49394e+03	1.00000e+05	2.82674e-07	1.05675e-07	9.37914e-08	1.99466e-07
1.69293e+03	1.00000e+05	2.82674e-07	1.05675e-07	9.37914e-08	1.99466e-07
1.89192e+03	1.00000e+05	1.73396e-05	2.57995e-11	2.28983e-11	4.86977e-11
2.09091e+03	1.00000e+05	3.16309e-04	2.98544e-13	1.49357e-13	4.47902e-13
2.28990e+03	1.00000e+05	3.49299e-03	1.35817e-11	4.31234e-14	1.36248e-11
2.48889e+03	1.00000e+05	2.63294e-02	3.55532e-10	1.21176e-14	3.55544e-10
2.68788e+03	9.99999e+04	1.47427e-01	5.78401e-09	7.65754e-13	5.78477e-09
2.88687e+03	9.99993e+04	6.51975e-01	6.45380e-08	2.75051e-11	6.45655e-08
3.08586e+03	9.99976e+04	2.38332e+00	5.31036e-07	6.25906e-10	5.31662e-07
3.28485e+03	9.99925e+04	7.45461e+00	3.40374e-06	9.79578e-09	3.41354e-06
3.48384e+03	9.99795e+04	2.04894e+01	1.77252e-05	1.12327e-07	1.78375e-05
3.68283e+03	9.99495e+04	5.05319e+01	7.74860e-05	9.91453e-07	7.84775e-05
3.88182e+03	9.98863e+04	1.13691e+02	2.91725e-04	7.00328e-06	2.98728e-04
4.08081e+03	9.97635e+04	2.36473e+02	9.65163e-04	4.08346e-05	1.00600e-03
4.27980e+03	9.95404e+04	4.59608e+02	2.85130e-03	2.01495e-04	3.05280e-03
4.47879e+03	9.91580e+04	8.42013e+02	7.61786e-03	8.58588e-04	8.47645e-03
4.67778e+03	9.85356e+04	1.46433e+03	1.85966e-02	3.21240e-03	2.18090e-02
4.87677e+03	9.75687e+04	2.43118e+03	4.18324e-02	1.07024e-02	5.25347e-02
5.07576e+03	9.61287e+04	3.87110e+03	8.73280e-02	3.21340e-02	1.19462e-01
5.27475e+03	9.40669e+04	5.93259e+03	1.70211e-01	8.78747e-02	2.58086e-01
5.47374e+03	9.12242e+04	8.77473e+03	3.11364e-01	2.20921e-01	5.32285e-01
5.67273e+03	8.74472e+04	1.25507e+04	5.36892e-01	5.14850e-01	1.05174e+00
5.87172e+03	8.26127e+04	1.73833e+04	8.75731e-01	1.12037e+00	1.99610e+00
6.07071e+03	7.66594e+04	2.33333e+04	1.35481e+00	2.29095e+00	3.64576e+00
6.26970e+03	6.96233e+04	3.03639e+04	1.99173e+00	4.42572e+00	6.41745e+00
6.46869e+03	6.16678e+04	3.83104e+04	2.78590e+00	8.11423e+00	1.09001e+01
6.66768e+03	5.30970e+04	4.68672e+04	3.71103e+00	1.41742e+01	1.78853e+01
6.86667e+03	4.43357e+04	5.56075e+04	4.71293e+00	2.36726e+01	2.83855e+01
7.06566e+03	3.58689e+04	6.40438e+04	5.71650e+00	3.79237e+01	4.36402e+01
7.26465e+03	2.81487e+04	7.17210e+04	6.64218e+00	5.84730e+01	6.51152e+01
7.46364e+03	2.15003e+04	7.83107e+04	7.42606e+00	8.70832e+01	9.45093e+01
7.66263e+03	1.60679e+04	8.36646e+04	8.03397e+00	1.25745e+02	1.33779e+02
7.86162e+03	1.18230e+04	8.78066e+04	8.46346e+00	1.76716e+02	1.85179e+02
8.06061e+03	8.61948e+03	9.08779e+04	8.73495e+00	2.42576e+02	2.51311e+02
8.25960e+03	6.26012e+03	9.30696e+04	8.87945e+00	3.26275e+02	3.35155e+02
8.45859e+03	4.54866e+03	9.45712e+04	8.92856e+00	4.31159e+02	4.40088e+02
8.65758e+03	3.31662e+03	9.55436e+04	8.90920e+00	5.60982e+02	5.69891e+02
8.85657e+03	2.43146e+03	9.61111e+04	8.84192e+00	7.19893e+02	7.28735e+02
9.05556e+03	1.79428e+03	9.63634e+04	8.74130e+00	9.12415e+02	9.21156e+02
9.25455e+03	1.33349e+03	9.63625e+04	8.61714e+00	1.14341e+03	1.15203e+03
9.45354e+03	9.98199e+02	9.61488e+04	8.47568e+00	1.41803e+03	1.42650e+03
9.65253e+03	7.52472e+02	9.57476e+04	8.32064e+00	1.74165e+03	1.74997e+03
9.85152e+03	5.71019e+02	9.51730e+04	8.15403e+00	2.11982e+03	2.12797e+03
1.00505e+04	4.35995e+02	9.44318e+04	7.97669e+00	2.55813e+03	2.56611e+03
1.02495e+04	3.34760e+02	9.35254e+04	7.78877e+00	3.06215e+03	3.06994e+03
1.04485e+04	2.58306e+02	9.24520e+04	7.58999e+00	3.63726e+03	3.64485e+03
1.06475e+04	2.00170e+02	9.12080e+04	7.37984e+00	4.28855e+03	4.29593e+03
1.08465e+04	1.55679e+02	8.97887e+04	7.15777e+00	5.02066e+03	5.02782e+03
1.10455e+04	1.21432e+02	8.81895e+04	6.92331e+00	5.83760e+03	5.84452e+03
1.12444e+04	9.49298e+01	8.64066e+04	6.67612e+00	6.74257e+03	6.74924e+03
1.14434e+04	7.43265e+01	8.44372e+04	6.41614e+00	7.73781e+03	7.74423e+03
1.16424e+04	5.82451e+01	8.22807e+04	6.14359e+00	8.82441e+03	8.83055e+03
1.18414e+04	4.56516e+01	7.99384e+04	5.85905e+00	1.00021e+04	1.00080e+04
1.20404e+04	3.57641e+01	7.74146e+04	5.56346e+00	1.12692e+04	1.12748e+04
1.22394e+04	2.79870e+01	7.47166e+04	5.25816e+00	1.26224e+04	1.26277e+04
1.24384e+04	2.18631e+01	7.18549e+04	4.94487e+00	1.40567e+04	1.40616e+04
1.26374e+04	1.70396e+01	6.88432e+04	4.62568e+00	1.55652e+04	1.55699e+04
1.28364e+04	1.32421e+01	6.56989e+04	4.30300e+00	1.71396e+04	1.71439e+04
1.30354e+04	1.02561e+01	6.24426e+04	3.97949e+00	1.87696e+04	1.87736e+04
1.32343e+04	7.91294e+00	5.90977e+04	3.65802e+00	2.04435e+04	2.04472e+04
1.34333e+04	6.07919e+00	5.56903e+04	3.34150e+00	2.21485e+04	2.21518e+04
1.36323e+04	4.64904e+00	5.22485e+04	3.03287e+00	2.38704e+04	2.38734e+04
1.38313e+04	3.53818e+00	4.88017e+04	2.73490e+00	2.55947e+04	2.55974e+04
1.40303e+04	2.67931e+00	4.53795e+04	2.45016e+00	2.73065e+04	2.73089e+04
1.42293e+04	2.01866e+00	4.20112e+04	2.18085e+00	2.89912e+04	2.89934e+04
1.44283e+04	1.51324e+00	3.87248e+04	1.92880e+00	3.06349e+04	3.06368e+04
1.46273e+04	1.12881e+00	3.55458e+04	1.69532e+00	3.22248e+04	3.22265e+04
1.48263e+04	8.38098e-01	3.24970e+04	1.48127e+00	3.37496e+04	3.37511e+04
1.50253e+04	6.19549e-01	2.95972e+04	1.28698e+00	3.51998e+04	3.52011e+04
1.52242e+04	4.56187e-01	2.68612e+04	1.11233e+00	3.65680e+04	3.65692e+04
1.54232e+04	3.34742e-01	2.42998e+04	9.56786e-01	3.78490e+04	3.78499e+04
1.56222e+04	2.44916e-01	2.19192e+04	8.19448e-01	3.90395e+04	3.90403e+04
1.58212e+04	1.78782e-01	1.97216e+04	6.99165e-01	4.01384e+04	4.01391e+04
1.60202e+04	1.30288e-01	1.77059e+04	5.94595e-01	4.11464e+04	4.11470e+04
1.62192e+04	9.48482e-02	1.58675e+04	5.04290e-01	4.20657e+04	4.20662e+04
1.64182e+04	6.90200e-02	1.41994e+04	4.26766e-01	4.28998e+04	4.29003e+04
1.66172e+04	5.02348e-02	1.26928e+04	3.60556e-01	4.36532e+04	4.36536e+04
1.68162e+04	3.65905e-02	1.13373e+04	3.04257e-01	4.43310e+04	4.43313e+04
1.70152e+04	2.66869e-02	1.01219e+04	2.56563e-01	4.49388e+04	4.49390e+04
1.72141e+04	1.94986e-02	9.03530e+03	2.16278e-01	4.54821e+04	4.54823e+04
1.74131e+04	1.42783e-02	8.06599e+03	1.82331e-01	4.59668e+04	4.59670e+04
1.76121e+04	1.04828e-02	7.20292e+03	1.53776e-01	4.63984e+04	4.63985e+04
1.78111e+04	7.71896e-03	6.43551e+03	1.29784e-01	4.67821e+04	4.67822e+04
1.80101e+04	5.70212e-03	5.75382e+03	1.09641e-01	4.71230e+04	4.71231e+04
1.82091e+04	4.22682e-03	5.14866e+03	9.27350e-02	4.74256e+04	4.74257e+04
1.84081e+04	3.14467e-03	4.61161e+03	7.85436e-02	4.76941e+04	4.76942e+04
1.86071e+04	2.34847e-03	4.13502e+03	6.66260e-02	4.79324e+04	4.79325e+04
1.88061e+04	1.76074e-03	3.71200e+03	5.66109e-02	4.81439e+04	4.81440e+04
1.90051e+04	1.32539e-03	3.33638e+03	4.81863e-02	4.83318e+04	4.83318e+04
1.92040e+04	1.00175e-03	3.00264e+03	4.10916e-02	4.84986e+04	4.84987e+04
1.94030e+04	7.60239e-04	2.70589e+03	3.51086e-02	4.86470e+04	4.86471e+04
1.96020e+04	5.79334e-04	2.44181e+03	3.00558e-02	4.87791e+04	4.87791e+04
1.98010e+04	4.43296e-04	2.20658e+03	2.57816e-02	4.88967e+04	4.88967e+04
2.00000e+04	3.40595e-04	1.99681e+03	2.21599e-02	4.90016e+04	4.90016e+04
