3.00000e+02	1.00000e+05	7.53955e-07	8.42412e-07	8.42412e-07
4.98990e+02	1.00000e+05	7.53955e-07	8.42412e-07	8.42412e-07
6.97980e+02	1.00000e+05	7.53955e-07	8.42412e-07	8.42412e-07
8.96970e+02	1.00000e+05	7.53955e-07	8.42412e-07	8.42412e-07
1.09596e+03	1.00000e+05	2.25442e-04	2.05667e-10	2.05667e-10
1.29495e+03	1.00000e+05	1.61469e-02	1.00423e-13	1.00423e-13
1.49394e+03	9.99996e+04	3.73299e-01	9.80697e-17	9.80697e-17
1.69293e+03	9.99959e+04	4.14470e+00	2.10931e-17	2.10931e-17
1.89192e+03	9.99722e+04	2.78274e+01	4.62236e-14	4.62236e-14
2.09091e+03	9.98697e+04	1.30302e+02	1.10440e-12	1.10440e-12
2.28990e+03	9.95332e+04	4.66813e+02	6.34722e-11	6.34722e-11
2.48889e+03	9.86387e+04	1.36131e+03	1.86111e-09	1.86111e-09
2.68788e+03	9.66303e+04	3.36966e+03	3.37578e-08	3.37578e-08
2.88687e+03	9.27197e+04	7.28033e+03	4.10989e-07	4.10989e-07
3.08586e+03	8.60251e+04	1.39749e+04	3.62653e-06	3.62653e-06
3.28485e+03	7.59233e+04	2.40767e+04	2.41516e-05	2.41516e-05
3.48384e+03	6.25836e+04	3.74164e+04	1.27845e-04	1.27845e-04
3.68283e+03	4.73970e+04	5.26030e+04	5.52836e-04	5.52836e-04
3.88182e+03	3.27442e+04	6.72558e+04	2.00338e-03	2.00338e-03
4.08081e+03	2.08426e+04	7.91574e+04	6.23671e-03	6.23671e-03
4.27980e+03	1.25600e+04	8.74400e+04	1.71006e-02	1.71006e-02
4.47879e+03	7.40439e+03	9.25955e+04	4.22661e-02	4.22661e-02
4.67778e+03	4.38335e+03	9.56165e+04	9.59692e-02	9.59692e-02
4.87677e+03	2.64649e+03	9.73531e+04	2.03065e-01	2.03065e-01
5.07576e+03	1.64125e+03	9.83579e+04	4.04663e-01	4.04663e-01
5.27475e+03	1.04776e+03	9.89507e+04	7.65574e-01	7.65574e-01
5.47374e+03	6.88302e+02	9.93089e+04	1.38374e+00	1.38374e+00
5.67273e+03	4.64597e+02	9.95306e+04	2.40172e+00	2.40172e+00
5.87172e+03	3.21604e+02	9.96704e+04	4.02024e+00	4.02024e+00
6.07071e+03	2.27845e+02	9.97591e+04	6.51362e+00	6.51362e+00
6.26970e+03	1.64887e+02	9.98146e+04	1.02470e+01	1.02470e+01
6.46869e+03	1.21665e+02	9.98469e+04	1.56947e+01	1.56947e+01
6.66768e+03	9.13811e+01	9.98617e+04	2.34601e+01	2.34601e+01
6.86667e+03	6.97581e+01	9.98617e+04	3.42958e+01	3.42958e+01
7.06566e+03	5.40479e+01	9.98477e+04	4.91237e+01	4.91237e+01
7.26465e+03	4.24484e+01	9.98194e+04	6.90552e+01	6.90552e+01
7.46364e+03	3.37556e+01	9.97754e+04	9.54103e+01	9.54103e+01
7.66263e+03	2.71504e+01	9.97134e+04	1.29735e+02	1.29735e+02
7.86162e+03	2.20664e+01	9.96303e+04	1.73819e+02	1.73819e+02
8.06061e+03	1.81062e+01	9.95225e+04	2.29705e+02	2.29705e+02
8.25960e+03	1.49866e+01	9.93856e+04	2.99703e+02	2.99703e+02
8.45859e+03	1.25033e+01	9.92147e+04	3.86394e+02	3.86394e+02
8.65758e+03	1.05070e+01	9.90042e+04	4.92633e+02	4.92633e+02
8.85657e+03	8.88730e+00	9.87480e+04	6.21546e+02	6.21546e+02
9.05556e+03	7.56159e+00	9.84394e+04	7.76523e+02	7.76523e+02
9.25455e+03	6.46756e+00	9.80711e+04	9.61199e+02	9.61199e+02
9.45354e+03	5.55769e+00	9.76356e+04	1.17944e+03	1.17944e+03
9.65253e+03	4.79540e+00	9.71246e+04	1.43529e+03	1.43529e+03
9.85152e+03	4.15232e+00	9.65299e+04	1.73297e+03	1.73297e+03
1.00505e+04	3.60626e+00	9.58428e+04	2.07680e+03	2.07680e+03
1.02495e+04	3.13974e+00	9.50546e+04	2.47115e+03	2.47115e+03
1.04485e+04	2.73888e+00	9.41565e+04	2.92037e+03	2.92037e+03
1.06475e+04	2.39263e+00	9.31401e+04	3.42875e+03	3.42875e+03
1.08465e+04	2.09209e+00	9.19972e+04	4.00035e+03	4.00035e+03
1.10455e+04	1.83008e+00	9.07202e+04	4.63898e+03	4.63898e+03
1.12444e+04	1.60077e+00	8.93022e+04	5.34808e+03	5.34808e+03
1.14434e+04	1.39942e+00	8.77374e+04	6.13059e+03	6.13059e+03
1.16424e+04	1.22212e+00	8.60211e+04	6.98882e+03	6.98882e+03
1.18414e+04	1.06566e+00	8.41502e+04	7.92439e+03	7.92439e+03
1.20404e+04	9.27374e-01	8.21230e+04	8.93803e+03	8.93803e+03
1.22394e+04	8.05046e-01	7.99401e+04	1.00295e+04	1.00295e+04
1.24384e+04	6.96813e-01	7.76040e+04	1.11976e+04	1.11976e+04
1.26374e+04	6.01099e-01	7.51196e+04	1.24399e+04	1.24399e+04
1.28364e+04	5.16561e-01	7.24942e+04	1.37526e+04	1.37526e+04
1.30354e+04	4.42040e-01	6.97377e+04	1.51309e+04	1.51309e+04
1.32343e+04	3.76525e-01	6.68625e+04	1.65686e+04	1.65686e+04
1.34333e+04	3.19122e-01	6.38836e+04	1.80581e+04	1.80581e+04
1.36323e+04	2.69033e-01	6.08182e+04	1.95908e+04	1.95908e+04
1.38313e+04	2.25531e-01	5.76859e+04	2.11569e+04	2.11569e+04
1.40303e+04	1.87954e-01	5.45078e+04	2.27460e+04	2.27460e+04
1.42293e+04	1.55686e-01	5.13066e+04	2.43466e+04	2.43466e+04
1.44283e+04	1.28156e-01	4.81058e+04	2.59471e+04	2.59471e+04
1.46273e+04	1.04829e-01	4.49290e+04	2.75355e+04	2.75355e+04
1.48263e+04	8.52062e-02	4.17996e+04	2.91002e+04	2.91002e+04
1.50253e+04	6.88233e-02	3.87401e+04	3.06299e+04	3.06299e+04
1.52242e+04	5.52501e-02	3.57712e+04	3.21144e+04	3.21144e+04
1.54232e+04	4.40916e-02	3.29115e+04	3.35442e+04	3.35442e+04
1.56222e+04	3.49887e-02	3.01771e+04	3.49114e+04	3.49114e+04
1.58212e+04	2.76187e-02	2.75810e+04	3.62095e+04	3.62095e+04
1.60202e+04	2.16951e-02	2.51330e+04	3.74335e+04	3.74335e+04
1.62192e+04	1.69670e-02	2.28398e+04	3.85801e+04	3.85801e+04
1.64182e+04	1.32178e-02	2.07049e+04	3.96475e+04	3.96475e+04
1.66172e+04	1.02625e-02	1.87289e+04	4.06356e+04	4.06356e+04
1.68162e+04	7.94567e-03	1.69097e+04	4.15452e+04	4.15452e+04
1.70152e+04	6.13806e-03	1.52431e+04	4.23784e+04	4.23784e+04
1.72141e+04	4.73364e-03	1.37232e+04	4.31384e+04	4.31384e+04
1.74131e+04	3.64633e-03	1.23424e+04	4.38288e+04	4.38288e+04
1.76121e+04	2.80693e-03	1.10924e+04	4.44538e+04	4.44538e+04
1.78111e+04	2.16039e-03	9.96417e+03	4.50179e+04	4.50179e+04
1.80101e+04	1.66321e-03	8.94848e+03	4.55258e+04	4.55258e+04
1.82091e+04	1.28130e-03	8.03605e+03	4.59820e+04	4.59820e+04
1.84081e+04	9.88097e-04	7.21779e+03	4.63911e+04	4.63911e+04
1.86071e+04	7.63019e-04	6.48500e+03	4.67575e+04	4.67575e+04
1.88061e+04	5.90173e-04	5.82942e+03	4.70853e+04	4.70853e+04
1.90051e+04	4.57339e-04	5.24334e+03	4.73783e+04	4.73783e+04
1.92040e+04	3.55143e-04	4.71963e+03	4.76402e+04	4.76402e+04
1.94030e+04	2.76409e-04	4.25175e+03	4.78741e+04	4.78741e+04
1.96020e+04	2.15649e-04	3.83376e+03	4.80831e+04	4.80831e+04
1.98010e+04	1.68673e-04	3.46026e+03	4.82699e+04	4.82699e+04
2.00000e+04	1.32277e-04	3.12639e+03	4.84368e+04	4.84368e+04
