3.00000e+02	1.00000e+00	2.09803e-12	2.59435e-13	2.59435e-13
4.98990e+02	1.00000e+00	2.09803e-12	2.59435e-13	2.59435e-13
6.97980e+02	1.00000e+00	2.09803e-12	2.59435e-13	2.59435e-13
8.96970e+02	1.00000e+00	2.09803e-12	2.59435e-13	2.59435e-13
1.09596e+03	1.00000e+00	2.25442e-09	1.58347e-17	1.58347e-17
1.29495e+03	1.00000e+00	1.61469e-07	7.73178e-21	7.73178e-21
1.49394e+03	9.99996e-01	3.73299e-06	3.21168e-20	3.21168e-20
1.69293e+03	9.99959e-01	4.14470e-05	1.31211e-17	1.31211e-17
1.89192e+03	9.99722e-01	2.78274e-04	8.29691e-16	8.29691e-16
2.09091e+03	9.98697e-01	1.30302e-03	3.18222e-14	3.18222e-14
2.28990e+03	9.95332e-01	4.66813e-03	6.53434e-13	6.53434e-13
2.48889e+03	9.86387e-01	1.36131e-02	8.31731e-12	8.31731e-12
2.68788e+03	9.66303e-01	3.36966e-02	7.26699e-11	7.26699e-11
2.88687e+03	9.27197e-01	7.28033e-02	4.68112e-10	4.68112e-10
3.08586e+03	8.60251e-01	1.39749e-01	2.33729e-09	2.33729e-09
3.28485e+03	7.59233e-01	2.40767e-01	9.36512e-09	9.36512e-09
3.48384e+03	6.25836e-01	3.74164e-01	3.08431e-08	3.08431e-08
3.68283e+03	4.73970e-01	5.26030e-01	8.49908e-08	8.49908e-08
3.88182e+03	3.27441e-01	6.72558e-01	1.99338e-07	1.99338e-07
4.08081e+03	2.08426e-01	7.91573e-01	4.06655e-07	4.06655e-07
4.27980e+03	1.25599e-01	8.74399e-01	7.41450e-07	7.41450e-07
4.47879e+03	7.40437e-02	9.25954e-01	1.24207e-06	1.24207e-06
4.67778e+03	4.38334e-02	9.56163e-01	1.95494e-06	1.95494e-06
4.87677e+03	2.64648e-02	9.73529e-01	2.93632e-06	2.93632e-06
5.07576e+03	1.64125e-02	9.83579e-01	4.25170e-06	4.25170e-06
5.27475e+03	1.04777e-02	9.89510e-01	5.97474e-06	5.97474e-06
5.47374e+03	6.88318e-03	9.93100e-01	8.18616e-06	8.18616e-06
5.67273e+03	4.64622e-03	9.95332e-01	1.09729e-05	1.09729e-05
5.87172e+03	3.21637e-03	9.96755e-01	1.44271e-05	1.44271e-05
6.07071e+03	2.27888e-03	9.97684e-01	1.86457e-05	1.86457e-05
6.26970e+03	1.64938e-03	9.98303e-01	2.37291e-05	2.37291e-05
6.46869e+03	1.21727e-03	9.98723e-01	2.97809e-05	2.97809e-05
6.66768e+03	9.14534e-04	9.99012e-01	3.69071e-05	3.69071e-05
6.86667e+03	6.98412e-04	9.99211e-01	4.52158e-05	4.52158e-05
7.06566e+03	5.41423e-04	9.99349e-01	5.48164e-05	5.48164e-05
7.26465e+03	4.25547e-04	9.99443e-01	6.58194e-05	6.58194e-05
7.46364e+03	3.38742e-04	9.99505e-01	7.83362e-05	7.83362e-05
7.66263e+03	2.72817e-04	9.99542e-01	9.24787e-05	9.24787e-05
7.86162e+03	2.22110e-04	9.99561e-01	1.08359e-04	1.08359e-04
8.06061e+03	1.82644e-04	9.99565e-01	1.26090e-04	1.26090e-04
8.25960e+03	1.51590e-04	9.99557e-01	1.45784e-04	1.45784e-04
8.45859e+03	1.26903e-04	9.99538e-01	1.67552e-04	1.67552e-04
8.65758e+03	1.07090e-04	9.99510e-01	1.91508e-04	1.91508e-04
8.85657e+03	9.10449e-05	9.99473e-01	2.17761e-04	2.17761e-04
9.05556e+03	7.79434e-05	9.99429e-01	2.46423e-04	2.46423e-04
9.25455e+03	6.71610e-05	9.99378e-01	2.77604e-04	2.77604e-04
9.45354e+03	5.82219e-05	9.99319e-01	3.11413e-04	3.11413e-04
9.65253e+03	5.07595e-05	9.99253e-01	3.47957e-04	3.47957e-04
9.85152e+03	4.44893e-05	9.99181e-01	3.87342e-04	3.87342e-04
1.00505e+04	3.91884e-05	9.99101e-01	4.29674e-04	4.29674e-04
1.02495e+04	3.46810e-05	9.99015e-01	4.75054e-04	4.75054e-04
1.04485e+04	3.08273e-05	9.98922e-01	5.23583e-04	5.23583e-04
1.06475e+04	2.75155e-05	9.98822e-01	5.75360e-04	5.75360e-04
1.08465e+04	2.46554e-05	9.98714e-01	6.30479e-04	6.30479e-04
1.10455e+04	2.21740e-05	9.98600e-01	6.89033e-04	6.89033e-04
1.12444e+04	2.00116e-05	9.98478e-01	7.51111e-04	7.51111e-04
1.14434e+04	1.81194e-05	9.98348e-01	8.16799e-04	8.16799e-04
1.16424e+04	1.64569e-05	9.98211e-01	8.86178e-04	8.86178e-04
1.18414e+04	1.49909e-05	9.98066e-01	9.59326e-04	9.59326e-04
1.20404e+04	1.36934e-05	9.97914e-01	1.03632e-03	1.03632e-03
1.22394e+04	1.25411e-05	9.97753e-01	1.11722e-03	1.11722e-03
1.24384e+04	1.15145e-05	9.97584e-01	1.20210e-03	1.20210e-03
1.26374e+04	1.05970e-05	9.97407e-01	1.29101e-03	1.29101e-03
1.28364e+04	9.77459e-06	9.97222e-01	1.38401e-03	1.38401e-03
1.30354e+04	9.03528e-06	9.97029e-01	1.48115e-03	1.48115e-03
1.32343e+04	8.36889e-06	9.96827e-01	1.58247e-03	1.58247e-03
1.34333e+04	7.76667e-06	9.96616e-01	1.68801e-03	1.68801e-03
1.36323e+04	7.22109e-06	9.96397e-01	1.79781e-03	1.79781e-03
1.38313e+04	6.72565e-06	9.96170e-01	1.91188e-03	1.91188e-03
1.40303e+04	6.27472e-06	9.95933e-01	2.03026e-03	2.03026e-03
1.42293e+04	5.86341e-06	9.95688e-01	2.15296e-03	2.15296e-03
1.44283e+04	5.48744e-06	9.95435e-01	2.27998e-03	2.27998e-03
1.46273e+04	5.14309e-06	9.95172e-01	2.41134e-03	2.41134e-03
1.48263e+04	4.82710e-06	9.94901e-01	2.54704e-03	2.54704e-03
1.50253e+04	4.53659e-06	9.94621e-01	2.68706e-03	2.68706e-03
1.52242e+04	4.26904e-06	9.94333e-01	2.83141e-03	2.83141e-03
1.54232e+04	4.02220e-06	9.94036e-01	2.98006e-03	2.98006e-03
1.56222e+04	3.79410e-06	9.93730e-01	3.13300e-03	3.13300e-03
1.58212e+04	3.58298e-06	9.93416e-01	3.29021e-03	3.29021e-03
1.60202e+04	3.38728e-06	9.93093e-01	3.45164e-03	3.45164e-03
1.62192e+04	3.20562e-06	9.92762e-01	3.61729e-03	3.61729e-03
1.64182e+04	3.03673e-06	9.92423e-01	3.78710e-03	3.78710e-03
1.66172e+04	2.87952e-06	9.92075e-01	3.96103e-03	3.96103e-03
1.68162e+04	2.73298e-06	9.91719e-01	4.13906e-03	4.13906e-03
1.70152e+04	2.59621e-06	9.91355e-01	4.32112e-03	4.32112e-03
1.72141e+04	2.46842e-06	9.90983e-01	4.50717e-03	4.50717e-03
1.74131e+04	2.34885e-06	9.90603e-01	4.69716e-03	4.69716e-03
1.76121e+04	2.23687e-06	9.90216e-01	4.89104e-03	4.89104e-03
1.78111e+04	2.13188e-06	9.89820e-01	5.08875e-03	5.08875e-03
1.80101e+04	2.03332e-06	9.89418e-01	5.29022e-03	5.29022e-03
1.82091e+04	1.94072e-06	9.89007e-01	5.49540e-03	5.49540e-03
1.84081e+04	1.85363e-06	9.88590e-01	5.70423e-03	5.70423e-03
1.86071e+04	1.77163e-06	9.88165e-01	5.91663e-03	5.91663e-03
1.88061e+04	1.69437e-06	9.87733e-01	6.13255e-03	6.13255e-03
1.90051e+04	1.62150e-06	9.87295e-01	6.35191e-03	6.35191e-03
1.92040e+04	1.55271e-06	9.86849e-01	6.57465e-03	6.57465e-03
1.94030e+04	1.48771e-06	9.86397e-01	6.80068e-03	6.80068e-03
1.96020e+04	1.42626e-06	9.85939e-01	7.02994e-03	7.02994e-03
1.98010e+04	1.36810e-06	9.85474e-01	7.26234e-03	7.26234e-03
2.00000e+04	1.31303e-06	9.85003e-01	7.49781e-03	7.49781e-03
