3.00000e+02	1.00000e+05	2.09803e-07	2.59435e-08	2.59435e-08
4.98990e+02	1.00000e+05	2.09803e-07	2.59435e-08	2.59435e-08
6.97980e+02	1.00000e+05	2.09803e-07	2.59435e-08	2.59435e-08
8.96970e+02	1.00000e+05	2.09803e-07	2.59435e-08	2.59435e-08
1.09596e+03	1.00000e+05	2.25442e-04	1.58347e-12	1.58347e-12
1.29495e+03	1.00000e+05	1.61469e-02	7.73178e-16	7.73178e-16
1.49394e+03	9.99996e+04	3.73299e-01	3.21168e-15	3.21168e-15
1.69293e+03	9.99959e+04	4.14470e+00	1.31211e-12	1.31211e-12
1.89192e+03	9.99722e+04	2.78274e+01	8.29691e-11	8.29691e-11
2.09091e+03	9.98697e+04	1.30302e+02	3.18222e-09	3.18222e-09
2.28990e+03	9.95332e+04	4.66813e+02	6.53434e-08	6.53434e-08
2.48889e+03	9.86387e+04	1.36131e+03	8.31731e-07	8.31731e-07
2.68788e+03	9.66303e+04	3.36966e+03	7.26699e-06	7.26699e-06
2.88687e+03	9.27197e+04	7.28033e+03	4.68112e-05	4.68112e-05
3.08586e+03	8.60251e+04	1.39749e+04	2.33729e-04	2.33729e-04
3.28485e+03	7.59233e+04	2.40767e+04	9.36512e-04	9.36512e-04
3.48384e+03	6.25836e+04	3.74164e+04	3.08431e-03	3.08431e-03
3.68283e+03	4.73970e+04	5.26030e+04	8.49908e-03	8.49908e-03
3.88182e+03	3.27441e+04	6.72558e+04	1.99338e-02	1.99338e-02
4.08081e+03	2.08426e+04	7.91573e+04	4.06655e-02	4.06655e-02
4.27980e+03	1.25599e+04	8.74399e+04	7.41450e-02	7.41450e-02
4.47879e+03	7.40437e+03	9.25954e+04	1.24207e-01	1.24207e-01
4.67778e+03	4.38334e+03	9.56163e+04	1.95494e-01	1.95494e-01
4.87677e+03	2.64648e+03	9.73529e+04	2.93632e-01	2.93632e-01
5.07576e+03	1.64125e+03	9.83579e+04	4.25170e-01	4.25170e-01
5.27475e+03	1.04777e+03	9.89510e+04	5.97474e-01	5.97474e-01
5.47374e+03	6.88318e+02	9.93100e+04	8.18616e-01	8.18616e-01
5.67273e+03	4.64622e+02	9.95332e+04	1.09729e+00	1.09729e+00
5.87172e+03	3.21637e+02	9.96755e+04	1.44271e+00	1.44271e+00
6.07071e+03	2.27888e+02	9.97684e+04	1.86457e+00	1.86457e+00
6.26970e+03	1.64938e+02	9.98303e+04	2.37291e+00	2.37291e+00
6.46869e+03	1.21727e+02	9.98723e+04	2.97809e+00	2.97809e+00
6.66768e+03	9.14534e+01	9.99012e+04	3.69071e+00	3.69071e+00
6.86667e+03	6.98412e+01	9.99211e+04	4.52158e+00	4.52158e+00
7.06566e+03	5.41423e+01	9.99349e+04	5.48164e+00	5.48164e+00
7.26465e+03	4.25547e+01	9.99443e+04	6.58194e+00	6.58194e+00
7.46364e+03	3.38742e+01	9.99505e+04	7.83362e+00	7.83362e+00
7.66263e+03	2.72817e+01	9.99542e+04	9.24787e+00	9.24787e+00
7.86162e+03	2.22110e+01	9.99561e+04	1.08359e+01	1.08359e+01
8.06061e+03	1.82644e+01	9.99565e+04	1.26090e+01	1.26090e+01
8.25960e+03	1.51590e+01	9.99557e+04	1.45784e+01	1.45784e+01
8.45859e+03	1.26903e+01	9.99538e+04	1.67552e+01	1.67552e+01
8.65758e+03	1.07090e+01	9.99510e+04	1.91508e+01	1.91508e+01
8.85657e+03	9.10449e+00	9.99473e+04	2.17761e+01	2.17761e+01
9.05556e+03	7.79434e+00	9.99429e+04	2.46423e+01	2.46423e+01
9.25455e+03	6.71610e+00	9.99378e+04	2.77604e+01	2.77604e+01
9.45354e+03	5.82219e+00	9.99319e+04	3.11413e+01	3.11413e+01
9.65253e+03	5.07595e+00	9.99253e+04	3.47957e+01	3.47957e+01
9.85152e+03	4.44893e+00	9.99181e+04	3.87342e+01	3.87342e+01
1.00505e+04	3.91884e+00	9.99101e+04	4.29674e+01	4.29674e+01
1.02495e+04	3.46810e+00	9.99015e+04	4.75054e+01	4.75054e+01
1.04485e+04	3.08273e+00	9.98922e+04	5.23583e+01	5.23583e+01
1.06475e+04	2.75155e+00	9.98822e+04	5.75360e+01	5.75360e+01
1.08465e+04	2.46554e+00	9.98714e+04	6.30479e+01	6.30479e+01
1.10455e+04	2.21740e+00	9.98600e+04	6.89033e+01	6.89033e+01
1.12444e+04	2.00116e+00	9.98478e+04	7.51111e+01	7.51111e+01
1.14434e+04	1.81194e+00	9.98348e+04	8.16799e+01	8.16799e+01
1.16424e+04	1.64569e+00	9.98211e+04	8.86178e+01	8.86178e+01
1.18414e+04	1.49909e+00	9.98066e+04	9.59326e+01	9.59326e+01
1.20404e+04	1.36934e+00	9.97914e+04	1.03632e+02	1.03632e+02
1.22394e+04	1.25411e+00	9.97753e+04	1.11722e+02	1.11722e+02
1.24384e+04	1.15145e+00	9.97584e+04	1.20210e+02	1.20210e+02
1.26374e+04	1.05970e+00	9.97407e+04	1.29101e+02	1.29101e+02
1.28364e+04	9.77459e-01	9.97222e+04	1.38401e+02	1.38401e+02
1.30354e+04	9.03528e-01	9.97029e+04	1.48115e+02	1.48115e+02
1.32343e+04	8.36889e-01	9.96827e+04	1.58247e+02	1.58247e+02
1.34333e+04	7.76667e-01	9.96616e+04	1.68801e+02	1.68801e+02
1.36323e+04	7.22109e-01	9.96397e+04	1.79781e+02	1.79781e+02
1.38313e+04	6.72565e-01	9.96170e+04	1.91188e+02	1.91188e+02
1.40303e+04	6.27472e-01	9.95933e+04	2.03026e+02	2.03026e+02
1.42293e+04	5.86341e-01	9.95688e+04	2.15296e+02	2.15296e+02
1.44283e+04	5.48744e-01	9.95435e+04	2.27998e+02	2.27998e+02
1.46273e+04	5.14309e-01	9.95172e+04	2.41134e+02	2.41134e+02
1.48263e+04	4.82710e-01	9.94901e+04	2.54704e+02	2.54704e+02
1.50253e+04	4.53659e-01	9.94621e+04	2.68706e+02	2.68706e+02
1.52242e+04	4.26904e-01	9.94333e+04	2.83141e+02	2.83141e+02
1.54232e+04	4.02220e-01	9.94036e+04	2.98006e+02	2.98006e+02
1.56222e+04	3.79410e-01	9.93730e+04	3.13300e+02	3.13300e+02
1.58212e+04	3.58298e-01	9.93416e+04	3.29021e+02	3.29021e+02
1.60202e+04	3.38728e-01	9.93093e+04	3.45164e+02	3.45164e+02
1.62192e+04	3.20562e-01	9.92762e+04	3.61729e+02	3.61729e+02
1.64182e+04	3.03673e-01	9.92423e+04	3.78710e+02	3.78710e+02
1.66172e+04	2.87952e-01	9.92075e+04	3.96103e+02	3.96103e+02
1.68162e+04	2.73298e-01	9.91719e+04	4.13906e+02	4.13906e+02
1.70152e+04	2.59621e-01	9.91355e+04	4.32112e+02	4.32112e+02
1.72141e+04	2.46842e-01	9.90983e+04	4.50717e+02	4.50717e+02
1.74131e+04	2.34885e-01	9.90603e+04	4.69716e+02	4.69716e+02
1.76121e+04	2.23687e-01	9.90216e+04	4.89104e+02	4.89104e+02
1.78111e+04	2.13188e-01	9.89820e+04	5.08875e+02	5.08875e+02
1.80101e+04	2.03332e-01	9.89418e+04	5.29022e+02	5.29022e+02
1.82091e+04	1.94072e-01	9.89007e+04	5.49540e+02	5.49540e+02
1.84081e+04	1.85363e-01	9.88590e+04	5.70423e+02	5.70423e+02
1.86071e+04	1.77163e-01	9.88165e+04	5.91663e+02	5.91663e+02
1.88061e+04	1.69437e-01	9.87733e+04	6.13255e+02	6.13255e+02
1.90051e+04	1.62150e-01	9.87295e+04	6.35191e+02	6.35191e+02
1.92040e+04	1.55271e-01	9.86849e+04	6.57465e+02	6.57465e+02
1.94030e+04	1.48771e-01	9.86397e+04	6.80068e+02	6.80068e+02
1.96020e+04	1.42626e-01	9.85939e+04	7.02994e+02	7.02994e+02
1.98010e+04	1.36810e-01	9.85474e+04	7.26234e+02	7.26234e+02
2.00000e+04	1.31303e-01	9.85003e+04	7.49781e+02	7.49781e+02
