3.00000e+02	1.00000e+05	9.37447e-09	3.03772e-09	1.00135e-09	4.03907e-09
4.98990e+02	1.00000e+05	9.37447e-09	3.03772e-09	1.00135e-09	4.03907e-09
6.97980e+02	1.00000e+05	9.37447e-09	3.03772e-09	1.00135e-09	4.03907e-09
8.96970e+02	1.00000e+05	9.37447e-09	3.03772e-09	1.00135e-09	4.03907e-09
1.09596e+03	1.00000e+05	2.25442e-04	5.79399e-15	1.90993e-15	7.70392e-15
1.29495e+03	1.00000e+05	1.61469e-02	3.25681e-18	8.50089e-19	4.10690e-18
1.49394e+03	9.99996e+04	3.73299e-01	3.69894e-15	2.81831e-16	3.98077e-15
1.69293e+03	9.99959e+04	4.14470e+00	1.16265e-12	3.98848e-14	1.20254e-12
1.89192e+03	9.99722e+04	2.78274e+01	8.29192e-11	4.22975e-17	8.29193e-11
2.09091e+03	9.98697e+04	1.30302e+02	3.18222e-09	3.83288e-16	3.18222e-09
2.28990e+03	9.95332e+04	4.66813e+02	6.53433e-08	5.95007e-14	6.53434e-08
2.48889e+03	9.86387e+04	1.36131e+03	8.31729e-07	4.16448e-12	8.31733e-07
2.68788e+03	9.66303e+04	3.36966e+03	7.26692e-06	1.56816e-10	7.26707e-06
2.88687e+03	9.27197e+04	7.28033e+03	4.68094e-05	3.60823e-09	4.68130e-05
3.08586e+03	8.60251e+04	1.39749e+04	2.33701e-04	5.57715e-08	2.33757e-04
3.28485e+03	7.59233e+04	2.40767e+04	9.36201e-04	6.22184e-07	9.36823e-04
3.48384e+03	6.25836e+04	3.74164e+04	3.08166e-03	5.29467e-06	3.08696e-03
3.68283e+03	4.73970e+04	5.26030e+04	8.48116e-03	3.58842e-05	8.51704e-03
3.88182e+03	3.27441e+04	6.72558e+04	1.98338e-02	2.00334e-04	2.00342e-02
4.08081e+03	2.08426e+04	7.91573e+04	4.01955e-02	9.45443e-04	4.11410e-02
4.27980e+03	1.25599e+04	8.74399e+04	7.22483e-02	3.84315e-03	7.60915e-02
4.47879e+03	7.40437e+03	9.25954e+04	1.17585e-01	1.36159e-02	1.31201e-01
4.67778e+03	4.38333e+03	9.56162e+04	1.75489e-01	4.22907e-02	2.17780e-01
4.87677e+03	2.64648e+03	9.73528e+04	2.41505e-01	1.15502e-01	3.57008e-01
5.07576e+03	1.64124e+03	9.83576e+04	3.07975e-01	2.78983e-01	5.86958e-01
5.27475e+03	1.04775e+03	9.89503e+04	3.67586e-01	6.03532e-01	9.71119e-01
5.47374e+03	6.88296e+02	9.93085e+04	4.16802e-01	1.19094e+00	1.60774e+00
5.67273e+03	4.64593e+02	9.95301e+04	4.55962e-01	2.18453e+00	2.64049e+00
5.87172e+03	3.21601e+02	9.96699e+04	4.87255e-01	3.78398e+00	4.27123e+00
6.07071e+03	2.27843e+02	9.97586e+04	5.13039e-01	6.26213e+00	6.77517e+00
6.26970e+03	1.64885e+02	9.98141e+04	5.35163e-01	9.98284e+00	1.05180e+01
6.46869e+03	1.21664e+02	9.98464e+04	5.54908e-01	1.54196e+01	1.59745e+01
6.66768e+03	9.13801e+01	9.98611e+04	5.73111e-01	2.31753e+01	2.37484e+01
6.86667e+03	6.97572e+01	9.98611e+04	5.90311e-01	3.40018e+01	3.45921e+01
7.06566e+03	5.40472e+01	9.98471e+04	6.06855e-01	4.88210e+01	4.94279e+01
7.26465e+03	4.24479e+01	9.98188e+04	6.22963e-01	6.87442e+01	6.93671e+01
7.46364e+03	3.37552e+01	9.97748e+04	6.38776e-01	9.50911e+01	9.57299e+01
7.66263e+03	2.71500e+01	9.97127e+04	6.54380e-01	1.29408e+02	1.30063e+02
7.86162e+03	2.20661e+01	9.96296e+04	6.69819e-01	1.73484e+02	1.74154e+02
8.06061e+03	1.81059e+01	9.95218e+04	6.85109e-01	2.29362e+02	2.30047e+02
8.25960e+03	1.49864e+01	9.93849e+04	7.00241e-01	2.99352e+02	3.00052e+02
8.45859e+03	1.25032e+01	9.92140e+04	7.15184e-01	3.86035e+02	3.86750e+02
8.65758e+03	1.05069e+01	9.90035e+04	7.29887e-01	4.92266e+02	4.92996e+02
8.85657e+03	8.88717e+00	9.87473e+04	7.44280e-01	6.21172e+02	6.21916e+02
9.05556e+03	7.56147e+00	9.84386e+04	7.58273e-01	7.76141e+02	7.76899e+02
9.25455e+03	6.46746e+00	9.80704e+04	7.71761e-01	9.60809e+02	9.61581e+02
9.45354e+03	5.55760e+00	9.76348e+04	7.84616e-01	1.17904e+03	1.17982e+03
9.65253e+03	4.79532e+00	9.71238e+04	7.96698e-01	1.43488e+03	1.43568e+03
9.85152e+03	4.15225e+00	9.65291e+04	8.07846e-01	1.73256e+03	1.73336e+03
1.00505e+04	3.60620e+00	9.58420e+04	8.17885e-01	2.07638e+03	2.07720e+03
1.02495e+04	3.13968e+00	9.50538e+04	8.26629e-01	2.47072e+03	2.47155e+03
1.04485e+04	2.73883e+00	9.41557e+04	8.33879e-01	2.91995e+03	2.92078e+03
1.06475e+04	2.39259e+00	9.31393e+04	8.39426e-01	3.42831e+03	3.42915e+03
1.08465e+04	2.09205e+00	9.19964e+04	8.43061e-01	3.99991e+03	4.00075e+03
1.10455e+04	1.83004e+00	9.07194e+04	8.44573e-01	4.63854e+03	4.63938e+03
1.12444e+04	1.60074e+00	8.93014e+04	8.43758e-01	5.34764e+03	5.34848e+03
1.14434e+04	1.39940e+00	8.77366e+04	8.40424e-01	6.13014e+03	6.13098e+03
1.16424e+04	1.22210e+00	8.60204e+04	8.34395e-01	6.98838e+03	6.98921e+03
1.18414e+04	1.06564e+00	8.41494e+04	8.25524e-01	7.92394e+03	7.92476e+03
1.20404e+04	9.27358e-01	8.21223e+04	8.13695e-01	8.93758e+03	8.93839e+03
1.22394e+04	8.05032e-01	7.99394e+04	7.98833e-01	1.00291e+04	1.00299e+04
1.24384e+04	6.96800e-01	7.76033e+04	7.80910e-01	1.11972e+04	1.11980e+04
1.26374e+04	6.01089e-01	7.51190e+04	7.59950e-01	1.24395e+04	1.24402e+04
1.28364e+04	5.16552e-01	7.24936e+04	7.36036e-01	1.37522e+04	1.37529e+04
1.30354e+04	4.42033e-01	6.97371e+04	7.09312e-01	1.51305e+04	1.51312e+04
1.32343e+04	3.76519e-01	6.68620e+04	6.79985e-01	1.65681e+04	1.65688e+04
1.34333e+04	3.19117e-01	6.38831e+04	6.48322e-01	1.80577e+04	1.80583e+04
1.36323e+04	2.69029e-01	6.08178e+04	6.14648e-01	1.95904e+04	1.95910e+04
1.38313e+04	2.25528e-01	5.76855e+04	5.79339e-01	2.11566e+04	2.11572e+04
1.40303e+04	1.87951e-01	5.45074e+04	5.42809e-01	2.27456e+04	2.27462e+04
1.42293e+04	1.55684e-01	5.13063e+04	5.05503e-01	2.43463e+04	2.43468e+04
1.44283e+04	1.28154e-01	4.81055e+04	4.67881e-01	2.59467e+04	2.59472e+04
1.46273e+04	1.04828e-01	4.49287e+04	4.30402e-01	2.75352e+04	2.75356e+04
1.48263e+04	8.52052e-02	4.17994e+04	3.93508e-01	2.90999e+04	2.91003e+04
1.50253e+04	6.88226e-02	3.87399e+04	3.57610e-01	3.06297e+04	3.06300e+04
1.52242e+04	5.52496e-02	3.57710e+04	3.23075e-01	3.21141e+04	3.21145e+04
1.54232e+04	4.40912e-02	3.29114e+04	2.90216e-01	3.35440e+04	3.35443e+04
1.56222e+04	3.49884e-02	3.01770e+04	2.59280e-01	3.49112e+04	3.49115e+04
1.58212e+04	2.76185e-02	2.75809e+04	2.30451e-01	3.62093e+04	3.62095e+04
1.60202e+04	2.16949e-02	2.51329e+04	2.03844e-01	3.74333e+04	3.74335e+04
1.62192e+04	1.69669e-02	2.28397e+04	1.79512e-01	3.85799e+04	3.85801e+04
1.64182e+04	1.32177e-02	2.07048e+04	1.57451e-01	3.96474e+04	3.96476e+04
1.66172e+04	1.02625e-02	1.87288e+04	1.37607e-01	4.06354e+04	4.06356e+04
1.68162e+04	7.94563e-03	1.69097e+04	1.19888e-01	4.15450e+04	4.15452e+04
1.70152e+04	6.13804e-03	1.52431e+04	1.04168e-01	4.23783e+04	4.23784e+04
1.72141e+04	4.73363e-03	1.37232e+04	9.03067e-02	4.31383e+04	4.31384e+04
1.74131e+04	3.64632e-03	1.23424e+04	7.81466e-02	4.38287e+04	4.38288e+04
1.76121e+04	2.80692e-03	1.10924e+04	6.75278e-02	4.44537e+04	4.44538e+04
1.78111e+04	2.16038e-03	9.96416e+03	5.82914e-02	4.50179e+04	4.50179e+04
1.80101e+04	1.66320e-03	8.94847e+03	5.02839e-02	4.55257e+04	4.55258e+04
1.82091e+04	1.28129e-03	8.03604e+03	4.33607e-02	4.59819e+04	4.59820e+04
1.84081e+04	9.88096e-04	7.21779e+03	3.73883e-02	4.63911e+04	4.63911e+04
1.86071e+04	7.63018e-04	6.48500e+03	3.22447e-02	4.67575e+04	4.67575e+04
1.88061e+04	5.90173e-04	5.82941e+03	2.78207e-02	4.70853e+04	4.70853e+04
1.90051e+04	4.57339e-04	5.24333e+03	2.40188e-02	4.73783e+04	4.73783e+04
1.92040e+04	3.55143e-04	4.71963e+03	2.07532e-02	4.76402e+04	4.76402e+04
1.94030e+04	2.76409e-04	4.25175e+03	1.79488e-02	4.78741e+04	4.78741e+04
1.96020e+04	2.15649e-04	3.83376e+03	1.55403e-02	4.80831e+04	4.80831e+04
1.98010e+04	1.68673e-04	3.46025e+03	1.34711e-02	4.82699e+04	4.82699e+04
2.00000e+04	1.32277e-04	3.12639e+03	1.16924e-02	4.84368e+04	4.84368e+04
