3.00000e+02	7.90000e+04	8.07794e-28	6.21980e-30	2.10000e+04	6.86714e-29	8.88988e-30	2.31536e-11	5.76362e-133	2.67007e-30
4.98990e+02	7.90000e+04	3.23117e-27	9.40552e-28	2.10000e+04	4.70393e-19	9.43065e-28	5.06069e-05	5.03867e-64	2.51231e-30
6.97980e+02	7.90000e+04	1.61559e-27	3.80468e-28	2.10000e+04	1.44977e-11	3.82980e-28	2.69331e-02	2.78962e-34	2.51231e-30
8.96970e+02	7.89996e+04	3.65035e-20	3.81290e-28	2.09996e+04	2.20248e-07	1.25886e-28	8.85829e-01	5.35743e-24	5.35718e-24
1.09596e+03	7.89959e+04	1.09441e-14	5.08062e-16	2.09959e+04	1.03300e-04	4.51861e-16	8.20127e+00	2.81504e-19	9.60205e-16
1.29495e+03	7.89808e+04	1.24764e-11	2.36960e-28	2.09808e+04	7.39606e-03	3.95769e-28	3.83246e+01	5.40191e-15	5.40191e-15
1.49394e+03	7.89406e+04	4.61882e-09	4.85401e-28	2.09405e+04	1.70825e-01	1.70798e-28	1.18709e+02	2.83222e-12	2.83222e-12
1.69293e+03	7.88585e+04	4.28365e-07	1.32948e-27	2.08581e+04	1.89295e+00	5.86698e-25	2.81487e+02	3.46899e-10	3.46899e-10
1.89192e+03	7.87174e+04	1.53842e-05	1.38767e-28	2.07147e+04	1.26670e+01	2.09088e-21	5.55291e+02	1.56665e-08	1.56665e-08
2.09091e+03	7.84972e+04	2.80245e-04	2.12150e-25	2.04848e+04	5.90131e+01	1.59593e-18	9.59071e+02	3.46130e-07	3.46130e-07
2.28990e+03	7.81680e+04	3.08825e-03	2.51594e-22	2.01239e+04	2.09901e+02	3.88549e-16	1.49814e+03	4.49817e-06	4.49817e-06
2.48889e+03	7.76804e+04	2.32058e-02	9.74850e-20	1.95531e+04	6.06097e+02	3.95917e-14	2.16037e+03	3.89515e-05	3.89515e-05
2.68788e+03	7.69599e+04	1.29333e-01	1.58553e-17	1.86491e+04	1.48033e+03	2.04262e-12	2.91050e+03	2.45095e-04	2.45095e-04
2.88687e+03	7.59174e+04	5.68072e-01	1.29882e-15	1.72582e+04	3.14097e+03	6.11699e-11	3.68282e+03	1.19134e-03	1.19134e-03
3.08586e+03	7.44850e+04	2.05694e+00	6.14643e-14	1.52509e+04	5.88418e+03	1.17478e-09	4.37786e+03	4.67256e-03	4.67256e-03
3.28485e+03	7.26795e+04	6.35546e+00	1.86815e-12	1.26230e+04	9.81724e+03	1.55745e-08	4.87387e+03	1.52600e-02	1.52600e-02
3.48384e+03	7.06640e+04	1.72256e+01	3.96387e-11	9.60016e+03	1.46545e+04	1.50638e-07	5.06407e+03	4.24955e-02	4.24956e-02
3.68283e+03	6.87329e+04	4.19042e+01	6.26634e-10	6.63346e+03	1.96791e+04	1.11043e-06	4.91247e+03	1.02965e-01	1.02966e-01
3.88182e+03	6.71692e+04	9.32308e+01	7.74540e-09	4.19041e+03	2.40598e+04	6.48219e-06	4.48695e+03	2.21489e-01	2.21496e-01
4.08081e+03	6.60709e+04	1.92443e+02	7.73770e-08	2.48424e+03	2.73282e+04	3.10812e-05	3.92334e+03	4.32018e-01	4.32049e-01
4.27980e+03	6.53343e+04	3.72356e+02	6.39280e-07	1.43097e+03	2.95142e+04	1.26620e-04	3.34656e+03	7.79418e-01	7.79545e-01
4.47879e+03	6.47734e+04	6.80540e+02	4.44927e-06	8.24203e+02	3.08932e+04	4.50830e-04	2.82606e+03	1.32158e+00	1.32204e+00
4.67778e+03	6.42122e+04	1.18209e+03	2.65296e-05	4.82868e+02	3.17354e+04	1.43393e-03	2.38322e+03	2.13033e+00	2.13180e+00
4.87677e+03	6.35052e+04	1.96140e+03	1.37679e-04	2.89922e+02	3.22222e+04	4.14255e-03	2.01470e+03	3.29036e+00	3.29464e+00
5.07576e+03	6.25251e+04	3.12202e+03	6.30876e-04	1.78705e+02	3.24556e+04	1.10107e-02	1.70874e+03	4.89576e+00	4.90740e+00
5.27475e+03	6.11519e+04	4.78334e+03	2.58522e-03	1.12926e+02	3.24851e+04	2.72034e-02	1.45267e+03	7.04342e+00	7.07321e+00
5.47374e+03	5.92690e+04	7.07282e+03	9.57922e-03	7.29477e+01	3.23299e+04	6.29965e-02	1.23557e+03	9.82226e+00	9.89484e+00
5.67273e+03	5.67701e+04	1.01124e+04	3.23971e-02	4.80058e+01	3.19937e+04	1.37684e-01	1.04884e+03	1.32969e+01	1.34670e+01
5.87172e+03	5.35726e+04	1.39985e+04	1.00773e-01	3.20715e+01	3.14749e+04	2.85598e-01	8.86153e+02	1.74846e+01	1.78710e+01
6.07071e+03	4.96379e+04	1.87759e+04	2.89971e-01	2.16836e+01	3.07750e+04	5.64698e-01	7.43110e+02	2.23232e+01	2.31779e+01
6.26970e+03	4.49941e+04	2.44094e+04	7.74696e-01	1.48016e+01	2.99058e+04	1.06742e+00	6.16923e+02	2.76303e+01	2.94724e+01
6.46869e+03	3.97553e+04	3.07599e+04	1.92389e+00	1.01891e+01	2.88948e+04	1.93118e+00	5.06015e+02	3.30568e+01	3.69119e+01
6.66768e+03	3.41291e+04	3.75748e+04	4.43442e+00	7.07567e+00	2.77878e+04	3.34141e+00	4.09606e+02	3.80580e+01	4.58338e+01
6.86667e+03	2.84011e+04	4.45066e+04	9.45148e+00	4.96670e+00	2.66462e+04	5.51551e+00	3.27263e+02	4.19357e+01	5.69027e+01
7.06566e+03	2.28927e+04	5.11642e+04	1.85577e+01	3.53585e+00	2.55385e+04	8.66318e+00	2.58484e+02	4.40254e+01	7.12463e+01
7.26465e+03	1.78976e+04	5.71892e+04	3.35483e+01	2.56289e+00	2.45273e+04	1.29477e+01	2.02400e+02	4.40011e+01	9.04971e+01
7.46364e+03	1.36207e+04	6.23302e+04	5.61324e+01	1.89752e+00	2.36561e+04	1.84943e+01	1.57692e+02	4.20736e+01	1.16700e+02
7.66263e+03	1.01459e+04	6.64826e+04	8.78489e+01	1.43737e+00	2.29430e+04	2.54512e+01	1.22705e+02	3.88622e+01	1.52162e+02
7.86162e+03	7.44489e+03	6.96774e+04	1.30254e+02	1.11367e+00	2.23822e+04	3.40460e+01	9.56687e+01	3.50618e+01	1.99362e+02
8.06061e+03	5.41555e+03	7.20343e+04	1.85167e+02	8.80949e-01	2.19525e+04	4.45990e+01	7.49159e+01	3.11968e+01	2.60963e+02
8.25960e+03	3.92643e+03	7.37081e+04	2.54807e+02	7.09592e-01	2.16260e+04	5.75055e+01	5.90120e+01	2.75675e+01	3.39880e+02
8.45859e+03	2.84930e+03	7.48490e+04	3.41824e+02	5.80381e-01	2.13757e+04	7.32152e+01	4.67973e+01	2.43029e+01	4.39342e+02
8.65758e+03	2.07556e+03	7.55826e+04	4.49273e+02	4.80781e-01	2.11781e+04	9.22208e+01	3.73718e+01	2.14321e+01	5.62926e+02
8.85657e+03	1.52057e+03	7.60051e+04	5.80581e+02	4.02497e-01	2.10148e+04	1.15053e+02	3.00528e+01	1.89348e+01	7.14569e+02
9.05556e+03	1.12152e+03	7.61852e+04	7.39502e+02	3.39923e-01	2.08715e+04	1.42281e+02	2.43291e+01	1.67714e+01	8.98555e+02
9.25455e+03	8.33195e+02	7.61703e+04	9.30082e+02	2.89180e-01	2.07374e+04	1.74510e+02	1.98192e+01	1.48976e+01	1.11949e+03
9.45354e+03	6.23524e+02	7.59909e+04	1.15661e+03	2.47516e-01	2.06045e+04	2.12380e+02	1.62389e+01	1.32713e+01	1.38226e+03
9.65253e+03	4.69934e+02	7.56660e+04	1.42355e+03	2.12938e-01	2.04665e+04	2.56566e+02	1.33751e+01	1.18551e+01	1.69197e+03
9.85152e+03	3.56556e+02	7.52061e+04	1.73551e+03	1.83968e-01	2.03183e+04	3.07772e+02	1.10680e+01	1.06166e+01	2.05389e+03
1.00505e+04	2.72211e+02	7.46157e+04	2.09711e+03	1.59494e-01	2.01560e+04	3.66727e+02	9.19634e+00	9.52863e+00	2.47337e+03
1.02495e+04	2.08985e+02	7.38959e+04	2.51296e+03	1.38663e-01	1.99759e+04	4.34180e+02	7.66800e+00	8.56845e+00	2.95571e+03
1.04485e+04	1.61243e+02	7.30447e+04	2.98748e+03	1.20815e-01	1.97753e+04	5.10891e+02	6.41230e+00	7.71703e+00	3.50608e+03
1.06475e+04	1.24943e+02	7.20593e+04	3.52483e+03	1.05430e-01	1.95515e+04	5.97622e+02	5.37470e+00	6.95856e+00	4.12941e+03
1.08465e+04	9.71663e+01	7.09356e+04	4.12877e+03	9.20971e-02	1.93022e+04	6.95128e+02	4.51281e+00	6.27987e+00	4.83018e+03
1.10455e+04	7.57863e+01	6.96701e+04	4.80252e+03	8.04889e-02	1.90256e+04	8.04146e+02	3.79350e+00	5.67002e+00	5.61234e+03
1.12444e+04	5.92428e+01	6.82595e+04	5.54859e+03	7.03405e-02	1.87198e+04	9.25380e+02	3.19066e+00	5.11986e+00	6.47909e+03
1.14434e+04	4.63822e+01	6.67018e+04	6.36867e+03	6.14376e-02	1.83835e+04	1.05949e+03	2.68360e+00	4.62180e+00	7.43278e+03
1.16424e+04	3.63447e+01	6.49963e+04	7.26343e+03	5.36052e-02	1.80157e+04	1.20707e+03	2.25582e+00	4.16949e+00	8.47467e+03
1.18414e+04	2.84847e+01	6.31442e+04	8.23242e+03	4.66995e-02	1.76158e+04	1.36864e+03	1.89409e+00	3.75761e+00	9.60481e+03
1.20404e+04	2.23140e+01	6.11487e+04	9.27392e+03	4.06019e-02	1.71835e+04	1.54463e+03	1.58769e+00	3.38175e+00	1.08219e+04
1.22394e+04	1.74606e+01	5.90158e+04	1.03848e+04	3.52134e-02	1.67189e+04	1.73535e+03	1.32791e+00	3.03820e+00	1.21232e+04
1.24384e+04	1.36391e+01	5.67536e+04	1.15607e+04	3.04511e-02	1.62229e+04	1.94099e+03	1.10760e+00	2.72386e+00	1.35044e+04
1.26374e+04	1.06294e+01	5.43732e+04	1.27953e+04	2.62449e-02	1.56965e+04	2.16157e+03	9.20853e-01	2.43612e+00	1.49594e+04
1.28364e+04	8.25999e+00	5.18883e+04	1.40815e+04	2.25347e-02	1.51415e+04	2.39697e+03	7.62763e-01	2.17281e+00	1.64806e+04
1.30354e+04	6.39706e+00	4.93150e+04	1.54102e+04	1.92686e-02	1.45600e+04	2.64687e+03	6.29197e-01	1.93204e+00	1.80590e+04
1.32343e+04	4.93527e+00	4.66720e+04	1.67713e+04	1.64014e-02	1.39549e+04	2.91075e+03	5.16661e-01	1.71224e+00	1.96838e+04
1.34333e+04	3.79138e+00	4.39800e+04	1.81538e+04	1.38929e-02	1.33293e+04	3.18787e+03	4.22170e-01	1.51200e+00	2.13432e+04
1.36323e+04	2.89932e+00	4.12611e+04	1.95458e+04	1.17071e-02	1.26869e+04	3.47725e+03	3.43160e-01	1.33009e+00	2.30244e+04
1.38313e+04	2.20648e+00	3.85385e+04	2.09348e+04	9.81126e-03	1.20317e+04	3.77770e+03	2.77409e-01	1.16538e+00	2.47136e+04
1.40303e+04	1.67083e+00	3.58356e+04	2.23084e+04	8.17555e-03	1.13682e+04	4.08776e+03	2.22984e-01	1.01684e+00	2.63972e+04
1.42293e+04	1.25883e+00	3.31755e+04	2.36545e+04	6.77237e-03	1.07009e+04	4.40573e+03	1.78198e-01	8.83462e-01	2.80611e+04
1.44283e+04	9.43658e-01	3.05803e+04	2.49616e+04	5.57611e-03	1.00345e+04	4.72968e+03	1.41574e-01	7.64278e-01	2.96921e+04
1.46273e+04	7.03932e-01	2.80701e+04	2.62195e+04	4.56301e-03	9.37372e+03	5.05750e+03	1.11822e-01	6.58331e-01	3.12777e+04
1.48263e+04	5.22656e-01	2.56628e+04	2.74192e+04	3.71098e-03	8.72331e+03	5.38688e+03	8.78182e-02	5.64665e-01	3.28067e+04
1.50253e+04	3.86377e-01	2.33732e+04	2.85535e+04	2.99958e-03	8.08766e+03	5.71542e+03	6.85859e-02	4.82328e-01	3.42694e+04
1.52242e+04	2.84510e-01	2.12130e+04	2.96168e+04	2.40997e-03	7.47090e+03	6.04064e+03	5.32838e-02	4.10368e-01	3.56579e+04
1.54232e+04	2.08778e-01	1.91907e+04	3.06057e+04	1.92497e-03	6.87673e+03	6.36011e+03	4.11921e-02	3.47842e-01	3.69662e+04
1.56222e+04	1.52762e-01	1.73111e+04	3.15184e+04	1.52899e-03	6.30836e+03	6.67147e+03	3.17006e-02	2.93826e-01	3.81902e+04
1.58212e+04	1.11519e-01	1.55760e+04	3.23549e+04	1.20808e-03	5.76842e+03	6.97256e+03	2.42975e-02	2.47422e-01	3.93277e+04
1.60202e+04	8.12741e-02	1.39844e+04	3.31166e+04	9.49872e-04	5.25892e+03	7.26147e+03	1.85573e-02	2.07769e-01	4.03783e+04
1.62192e+04	5.91702e-02	1.25327e+04	3.38062e+04	7.43542e-04	4.78126e+03	7.53658e+03	1.41308e-02	1.74055e-01	4.13430e+04
1.64182e+04	4.30598e-02	1.12155e+04	3.44273e+04	5.79735e-04	4.33619e+03	7.79663e+03	1.07340e-02	1.45524e-01	4.22241e+04
1.66172e+04	3.13418e-02	1.00257e+04	3.49843e+04	4.50469e-04	3.92389e+03	8.04073e+03	8.13855e-03	1.21479e-01	4.30252e+04
1.68162e+04	2.28301e-02	8.95526e+03	3.54819e+04	3.49018e-04	3.54401e+03	8.26834e+03	6.16269e-03	1.01291e-01	4.37503e+04
1.70152e+04	1.66516e-02	7.99543e+03	3.59250e+04	2.69787e-04	3.19573e+03	8.47928e+03	4.66306e-03	8.43959e-02	4.44044e+04
1.72141e+04	1.21668e-02	7.13722e+03	3.63187e+04	2.08173e-04	2.87786e+03	8.67367e+03	3.52757e-03	7.02939e-02	4.49925e+04
1.74131e+04	8.90968e-03	6.37164e+03	3.66678e+04	1.60432e-04	2.58891e+03	8.85190e+03	2.66932e-03	5.85494e-02	4.55197e+04
1.76121e+04	6.54150e-03	5.68994e+03	3.69768e+04	1.23550e-04	2.32718e+03	9.01458e+03	2.02135e-03	4.87848e-02	4.59914e+04
1.78111e+04	4.81689e-03	5.08378e+03	3.72502e+04	9.51236e-05	2.09083e+03	9.16247e+03	1.53242e-03	4.06760e-02	4.64127e+04
1.80101e+04	3.55839e-03	4.54532e+03	3.74919e+04	7.32532e-05	1.87797e+03	9.29645e+03	1.16352e-03	3.39473e-02	4.67884e+04
1.82091e+04	2.63777e-03	4.06730e+03	3.77055e+04	5.64459e-05	1.68669e+03	9.41746e+03	8.85058e-04	2.83658e-02	4.71230e+04
1.84081e+04	1.96248e-03	3.64307e+03	3.78944e+04	4.35379e-05	1.51509e+03	9.52650e+03	6.74673e-04	2.37357e-02	4.74209e+04
1.86071e+04	1.46561e-03	3.26659e+03	3.80615e+04	3.36258e-05	1.36138e+03	9.62454e+03	5.15522e-04	1.98932e-02	4.76860e+04
1.88061e+04	1.09884e-03	2.93243e+03	3.82093e+04	2.60120e-05	1.22383e+03	9.71256e+03	3.94934e-04	1.67022e-02	4.79219e+04
1.90051e+04	8.27153e-04	2.63570e+03	3.83402e+04	2.01595e-05	1.10085e+03	9.79148e+03	3.03389e-04	1.40497e-02	4.81317e+04
1.92040e+04	6.25175e-04	2.37205e+03	3.84563e+04	1.56560e-05	9.90939e+02	9.86217e+03	2.33741e-04	1.18422e-02	4.83185e+04
1.94030e+04	4.74456e-04	2.13763e+03	3.85594e+04	1.21860e-05	8.92734e+02	9.92545e+03	1.80626e-04	1.00024e-02	4.84848e+04
1.96020e+04	3.61557e-04	1.92902e+03	3.86509e+04	9.50782e-06	8.04991e+02	9.98207e+03	1.40015e-04	8.46675e-03	4.86330e+04
1.98010e+04	2.76658e-04	1.74319e+03	3.87324e+04	7.43700e-06	7.26582e+02	1.00327e+04	1.08880e-04	7.18270e-03	4.87651e+04
2.00000e+04	2.12563e-04	1.57747e+03	3.88049e+04	5.83249e-06	6.56490e+02	1.00781e+04	8.49414e-05	6.10710e-03	4.88830e+04
