3.00000e+02	7.90000e+04	1.02758e-05	7.82904e-21	8.41396e-21	2.10000e+04	2.14730e-36	5.84922e-22	4.60538e-127	2.31536e-11	3.16583e-29	3.83945e-134
4.98990e+02	7.90000e+04	1.19626e-15	8.04703e-27	7.74076e-27	2.10000e+04	4.70393e-19	1.07867e-28	4.24017e-86	5.06069e-05	1.98405e-28	5.20486e-66
6.97980e+02	7.90000e+04	8.07794e-28	5.50447e-27	5.00001e-27	2.10000e+04	1.44977e-11	1.52951e-29	5.76244e-77	2.69331e-02	1.34841e-36	5.19750e-28
8.96970e+02	7.89996e+04	3.65035e-20	1.43676e-27	1.33261e-27	2.09996e+04	2.20248e-07	1.54247e-28	1.00615e-54	8.85829e-01	5.35717e-24	5.35743e-24
1.09596e+03	7.89959e+04	5.01064e-14	2.07240e-15	1.07495e-15	2.09959e+04	1.03300e-04	1.90704e-16	1.82087e-41	8.20127e+00	1.10224e-17	3.34907e-15
1.29495e+03	7.89808e+04	1.24764e-11	3.51883e-27	8.65623e-28	2.09808e+04	7.39606e-03	1.54121e-22	2.66036e-35	3.83246e+01	5.40191e-15	5.40191e-15
1.49394e+03	7.89406e+04	4.61882e-09	8.38499e-27	7.82742e-27	2.09405e+04	1.70825e-01	7.62654e-19	1.90133e-29	1.18709e+02	2.83222e-12	2.83222e-12
1.69293e+03	7.88585e+04	4.28365e-07	1.50250e-25	8.07794e-28	2.08581e+04	1.89295e+00	5.19844e-16	5.85764e-25	2.81487e+02	3.46899e-10	3.46900e-10
1.89192e+03	7.87174e+04	1.53842e-05	3.48484e-22	1.61559e-27	2.07147e+04	1.26670e+01	9.09359e-14	2.09087e-21	5.55291e+02	1.56665e-08	1.56666e-08
2.09091e+03	7.84972e+04	2.80245e-04	1.80915e-19	2.14873e-25	2.04848e+04	5.90131e+01	6.00086e-12	1.59592e-18	9.59071e+02	3.46127e-07	3.46133e-07
2.28990e+03	7.81680e+04	3.08825e-03	3.21078e-17	2.51589e-22	2.01239e+04	2.09901e+02	1.91910e-10	3.88541e-16	1.49814e+03	4.49808e-06	4.49827e-06
2.48889e+03	7.76804e+04	2.32058e-02	2.52080e-15	9.74806e-20	1.95531e+04	6.06097e+02	3.52039e-09	3.95899e-14	2.16037e+03	3.89498e-05	3.89533e-05
2.68788e+03	7.69599e+04	1.29333e-01	1.05053e-13	1.58539e-17	1.86491e+04	1.48033e+03	4.15799e-08	2.04244e-12	2.91050e+03	2.45074e-04	2.45116e-04
2.88687e+03	7.59174e+04	5.68072e-01	2.65499e-12	1.29864e-15	1.72582e+04	3.14097e+03	3.42315e-07	6.11611e-11	3.68282e+03	1.19117e-03	1.19151e-03
3.08586e+03	7.44850e+04	2.05694e+00	4.49973e-11	6.14506e-14	1.52509e+04	5.88418e+03	2.07226e-06	1.17452e-09	4.37786e+03	4.67153e-03	4.67360e-03
3.28485e+03	7.26795e+04	6.35546e+00	5.53243e-10	1.86756e-12	1.26230e+04	9.81724e+03	9.55260e-06	1.55697e-08	4.87387e+03	1.52552e-02	1.52648e-02
3.48384e+03	7.06640e+04	1.72256e+01	5.25646e-09	3.96227e-11	9.60016e+03	1.46545e+04	3.43252e-05	1.50577e-07	5.06407e+03	4.24783e-02	4.25128e-02
3.68283e+03	6.87329e+04	4.19042e+01	4.05929e-08	6.26335e-10	6.63346e+03	1.96791e+04	9.81365e-05	1.10990e-06	4.91247e+03	1.02916e-01	1.03015e-01
3.88182e+03	6.71692e+04	9.32308e+01	2.64437e-07	7.74138e-09	4.19041e+03	2.40598e+04	2.29462e-04	6.47883e-06	4.48695e+03	2.21374e-01	2.21610e-01
4.08081e+03	6.60709e+04	1.92443e+02	1.48756e-06	7.73360e-08	2.48424e+03	2.73282e+04	4.55964e-04	3.10648e-05	3.92334e+03	4.31789e-01	4.32278e-01
4.27980e+03	6.53343e+04	3.72356e+02	7.32515e-06	6.38948e-07	1.43097e+03	2.95142e+04	8.03044e-04	1.26555e-04	3.34656e+03	7.79013e-01	7.79951e-01
4.47879e+03	6.47734e+04	6.80540e+02	3.18899e-05	4.44704e-06	8.24203e+02	3.08932e+04	1.29830e-03	4.50603e-04	2.82606e+03	1.32092e+00	1.32270e+00
4.67778e+03	6.42122e+04	1.18209e+03	1.23918e-04	2.65166e-05	4.82868e+02	3.17354e+04	1.97393e-03	1.43323e-03	2.38322e+03	2.12929e+00	2.13284e+00
4.87677e+03	6.35052e+04	1.96140e+03	4.33942e-04	1.37610e-04	2.89922e+02	3.22222e+04	2.86545e-03	4.14047e-03	2.01470e+03	3.28872e+00	3.29629e+00
5.07576e+03	6.25251e+04	3.12202e+03	1.38196e-03	6.30529e-04	1.78705e+02	3.24556e+04	4.00863e-03	1.10047e-02	1.70874e+03	4.89307e+00	4.91010e+00
5.27475e+03	6.11519e+04	4.78334e+03	4.03476e-03	2.58349e-03	1.12926e+02	3.24851e+04	5.43572e-03	2.71852e-02	1.45267e+03	7.03871e+00	7.07795e+00
5.47374e+03	5.92690e+04	7.07282e+03	1.08724e-02	9.57049e-03	7.29476e+01	3.23299e+04	7.17098e-03	6.29391e-02	1.23557e+03	9.81331e+00	9.90386e+00
5.67273e+03	5.67700e+04	1.01124e+04	2.71839e-02	3.23533e-02	4.80057e+01	3.19937e+04	9.22521e-03	1.37498e-01	1.04884e+03	1.32790e+01	1.34852e+01
5.87172e+03	5.35726e+04	1.39985e+04	6.32981e-02	1.00562e-01	3.20715e+01	3.14749e+04	1.15892e-02	2.85000e-01	8.86152e+02	1.74480e+01	1.79084e+01
6.07071e+03	4.96378e+04	1.87759e+04	1.37537e-01	2.89023e-01	2.16836e+01	3.07750e+04	1.42256e-02	5.62853e-01	7.43109e+02	2.22503e+01	2.32539e+01
6.26970e+03	4.49938e+04	2.44094e+04	2.78865e-01	7.70814e-01	1.48016e+01	2.99059e+04	1.70590e-02	1.06208e+00	6.16922e+02	2.74919e+01	2.96207e+01
6.46869e+03	3.97548e+04	3.07597e+04	5.26438e-01	1.90969e+00	1.01892e+01	2.88949e+04	1.99640e-02	1.91695e+00	5.06014e+02	3.28130e+01	3.71861e+01
6.66768e+03	3.41283e+04	3.75743e+04	9.21249e-01	4.38894e+00	7.07579e+00	2.77881e+04	2.27582e-02	3.30721e+00	4.09605e+02	3.76681e+01	4.63082e+01
6.86667e+03	2.84001e+04	4.45058e+04	1.48612e+00	9.32665e+00	4.96685e+00	2.66466e+04	2.52145e-02	5.44285e+00	3.27262e+02	4.13825e+01	5.76633e+01
7.06566e+03	2.28914e+04	5.11627e+04	2.20000e+00	1.82695e+01	3.53601e+00	2.55391e+04	2.71175e-02	8.52906e+00	2.58482e+02	4.33425e+01	7.23682e+01
7.26465e+03	1.78961e+04	5.71869e+04	2.98829e+00	3.29927e+01	2.56305e+00	2.45280e+04	2.83562e-02	1.27342e+01	2.02398e+02	4.32737e+01	9.20173e+01
7.46364e+03	1.36192e+04	6.23270e+04	3.74841e+00	5.52291e+01	1.89766e+00	2.36570e+04	2.89854e-02	1.81983e+01	1.57690e+02	4.13981e+01	1.18603e+02
7.66263e+03	1.01446e+04	6.64785e+04	4.39524e+00	8.65771e+01	1.43749e+00	2.29440e+04	2.91880e-02	2.50853e+01	1.22702e+02	3.83012e+01	1.54388e+02
7.86162e+03	7.44385e+03	6.96725e+04	4.88899e+00	1.28651e+02	1.11377e+00	2.23832e+04	2.91722e-02	3.36308e+01	9.56662e+01	3.46318e+01	2.01832e+02
8.06061e+03	5.41473e+03	7.20288e+04	5.23147e+00	1.83300e+02	8.81030e-01	2.19535e+04	2.90939e-02	4.41549e+01	7.49137e+01	3.08838e+01	2.63600e+02
8.25960e+03	3.92580e+03	7.37022e+04	5.44709e+00	2.52749e+02	7.09659e-01	2.16270e+04	2.90392e-02	5.70483e+01	5.90101e+01	2.73461e+01	3.42620e+02
8.45859e+03	2.84883e+03	7.48428e+04	5.56607e+00	3.39636e+02	5.80436e-01	2.13767e+04	2.90420e-02	7.27560e+01	4.67957e+01	2.41485e+01	4.42135e+02
8.65758e+03	2.07522e+03	7.55763e+04	5.61544e+00	4.47002e+02	4.80827e-01	2.11791e+04	2.91070e-02	9.17666e+01	3.73705e+01	2.13248e+01	5.65738e+02
8.85657e+03	1.52031e+03	7.59987e+04	5.61611e+00	5.78261e+02	4.02535e-01	2.10158e+04	2.92255e-02	1.14609e+02	3.00517e+01	1.88600e+01	7.17375e+02
9.05556e+03	1.12133e+03	7.61789e+04	5.58299e+00	7.37158e+02	3.39955e-01	2.08724e+04	2.93845e-02	1.41849e+02	2.43282e+01	1.67190e+01	9.01338e+02
9.25455e+03	8.33057e+02	7.61640e+04	5.52618e+00	9.27729e+02	2.89206e-01	2.07384e+04	2.95705e-02	1.74091e+02	1.98185e+01	1.48606e+01	1.12224e+03
9.45354e+03	6.23422e+02	7.59847e+04	5.45224e+00	1.15426e+03	2.47538e-01	2.06055e+04	2.97709e-02	2.11975e+02	1.62383e+01	1.32450e+01	1.38496e+03
9.65253e+03	4.69858e+02	7.56599e+04	5.36528e+00	1.42121e+03	2.12957e-01	2.04674e+04	2.99746e-02	2.56176e+02	1.33746e+01	1.18361e+01	1.69462e+03
9.85152e+03	3.56500e+02	7.52001e+04	5.26771e+00	1.73318e+03	1.83984e-01	2.03192e+04	3.01710e-02	3.07398e+02	1.10676e+01	1.06028e+01	2.05648e+03
1.00505e+04	2.72168e+02	7.46099e+04	5.16087e+00	2.09481e+03	1.59508e-01	2.01568e+04	3.03508e-02	3.66369e+02	9.19600e+00	9.51858e+00	2.47589e+03
1.02495e+04	2.08953e+02	7.38902e+04	5.04535e+00	2.51068e+03	1.38675e-01	1.99768e+04	3.05050e-02	4.33838e+02	7.66773e+00	8.56105e+00	2.95816e+03
1.04485e+04	1.61218e+02	7.30392e+04	4.92135e+00	2.98523e+03	1.20824e-01	1.97761e+04	3.06249e-02	5.10566e+02	6.41207e+00	7.71154e+00	3.50846e+03
1.06475e+04	1.24925e+02	7.20539e+04	4.78879e+00	3.52261e+03	1.05438e-01	1.95523e+04	3.07022e-02	5.97314e+02	5.37451e+00	6.95446e+00	4.13170e+03
1.08465e+04	9.71522e+01	7.09305e+04	4.64750e+00	4.12659e+03	9.21042e-02	1.93030e+04	3.07289e-02	6.94838e+02	4.51266e+00	6.27680e+00	4.83238e+03
1.10455e+04	7.57755e+01	6.96652e+04	4.49731e+00	4.80038e+03	8.04950e-02	1.90263e+04	3.06972e-02	8.03875e+02	3.79338e+00	5.66770e+00	5.61445e+03
1.12444e+04	5.92346e+01	6.82548e+04	4.33814e+00	5.54649e+03	7.03457e-02	1.87204e+04	3.05996e-02	9.25127e+02	3.19055e+00	5.11811e+00	6.48110e+03
1.14434e+04	4.63760e+01	6.66974e+04	4.17003e+00	6.36661e+03	6.14420e-02	1.83841e+04	3.04292e-02	1.05925e+03	2.68351e+00	4.62047e+00	7.43469e+03
1.16424e+04	3.63400e+01	6.49921e+04	3.99320e+00	7.26142e+03	5.36089e-02	1.80163e+04	3.01797e-02	1.20685e+03	2.25575e+00	4.16848e+00	8.47646e+03
1.18414e+04	2.84811e+01	6.31402e+04	3.80811e+00	8.23046e+03	4.67026e-02	1.76164e+04	2.98457e-02	1.36845e+03	1.89403e+00	3.75685e+00	9.60650e+03
1.20404e+04	2.23113e+01	6.11451e+04	3.61546e+00	9.27201e+03	4.06045e-02	1.71840e+04	2.94226e-02	1.54446e+03	1.58764e+00	3.38117e+00	1.08235e+04
1.22394e+04	1.74585e+01	5.90124e+04	3.41617e+00	1.03830e+04	3.52156e-02	1.67194e+04	2.89071e-02	1.73520e+03	1.32787e+00	3.03776e+00	1.21247e+04
1.24384e+04	1.36376e+01	5.67505e+04	3.21145e+00	1.15589e+04	3.04529e-02	1.62234e+04	2.82973e-02	1.94085e+03	1.10757e+00	2.72352e+00	1.35057e+04
1.26374e+04	1.06283e+01	5.43704e+04	3.00272e+00	1.27936e+04	2.62464e-02	1.56969e+04	2.75928e-02	2.16146e+03	9.20831e-01	2.43587e+00	1.49606e+04
1.28364e+04	8.25916e+00	5.18857e+04	2.79162e+00	1.40798e+04	2.25359e-02	1.51419e+04	2.67949e-02	2.39688e+03	7.62745e-01	2.17261e+00	1.64817e+04
1.30354e+04	6.39646e+00	4.93127e+04	2.57996e+00	1.54086e+04	1.92696e-02	1.45604e+04	2.59068e-02	2.64680e+03	6.29184e-01	1.93190e+00	1.80599e+04
1.32343e+04	4.93483e+00	4.66700e+04	2.36966e+00	1.67699e+04	1.64022e-02	1.39552e+04	2.49333e-02	2.91069e+03	5.16650e-01	1.71213e+00	1.96847e+04
1.34333e+04	3.79107e+00	4.39782e+04	2.16268e+00	1.81525e+04	1.38935e-02	1.33296e+04	2.38811e-02	3.18782e+03	4.22162e-01	1.51191e+00	2.13440e+04
1.36323e+04	2.89910e+00	4.12596e+04	1.96096e+00	1.95445e+04	1.17076e-02	1.26872e+04	2.27589e-02	3.47723e+03	3.43154e-01	1.33003e+00	2.30250e+04
1.38313e+04	2.20632e+00	3.85371e+04	1.76637e+00	2.09336e+04	9.81163e-03	1.20320e+04	2.15766e-02	3.77769e+03	2.77404e-01	1.16534e+00	2.47142e+04
1.40303e+04	1.67073e+00	3.58344e+04	1.58058e+00	2.23073e+04	8.17583e-03	1.13684e+04	2.03459e-02	4.08776e+03	2.22981e-01	1.01681e+00	2.63976e+04
1.42293e+04	1.25876e+00	3.31746e+04	1.40506e+00	2.36534e+04	6.77258e-03	1.07010e+04	1.90794e-02	4.40573e+03	1.78195e-01	8.83437e-01	2.80615e+04
1.44283e+04	9.43608e-01	3.05795e+04	1.24099e+00	2.49607e+04	5.57627e-03	1.00346e+04	1.77907e-02	4.72970e+03	1.41572e-01	7.64260e-01	2.96924e+04
1.46273e+04	7.03899e-01	2.80694e+04	1.08922e+00	2.62187e+04	4.56313e-03	9.37384e+03	1.64937e-02	5.05752e+03	1.11821e-01	6.58318e-01	3.12779e+04
1.48263e+04	5.22634e-01	2.56622e+04	9.50296e-01	2.74184e+04	3.71107e-03	8.72341e+03	1.52026e-02	5.38691e+03	8.78173e-02	5.64656e-01	3.28069e+04
1.50253e+04	3.86362e-01	2.33727e+04	8.24403e-01	2.85528e+04	2.99964e-03	8.08774e+03	1.39311e-02	5.71545e+03	6.85853e-02	4.82321e-01	3.42695e+04
1.52242e+04	2.84500e-01	2.12127e+04	7.11431e-01	2.96162e+04	2.41001e-03	7.47096e+03	1.26922e-02	6.04067e+03	5.32833e-02	4.10363e-01	3.56580e+04
1.54232e+04	2.08772e-01	1.91904e+04	6.10994e-01	3.06052e+04	1.92500e-03	6.87678e+03	1.14977e-02	6.36014e+03	4.11918e-02	3.47839e-01	3.69663e+04
1.56222e+04	1.52759e-01	1.73108e+04	5.22480e-01	3.15180e+04	1.52901e-03	6.30840e+03	1.03579e-02	6.67150e+03	3.17005e-02	2.93824e-01	3.81903e+04
1.58212e+04	1.11516e-01	1.55758e+04	4.45104e-01	3.23545e+04	1.20809e-03	5.76845e+03	9.28118e-03	6.97259e+03	2.42974e-02	2.47420e-01	3.93278e+04
1.60202e+04	8.12726e-02	1.39842e+04	3.77965e-01	3.31163e+04	9.49882e-04	5.25895e+03	8.27411e-03	7.26150e+03	1.85572e-02	2.07768e-01	4.03784e+04
1.62192e+04	5.91692e-02	1.25326e+04	3.20095e-01	3.38059e+04	7.43548e-04	4.78128e+03	7.34110e-03	7.53660e+03	1.41307e-02	1.74054e-01	4.13430e+04
1.64182e+04	4.30592e-02	1.12154e+04	2.70508e-01	3.44271e+04	5.79739e-04	4.33620e+03	6.48451e-03	7.79665e+03	1.07340e-02	1.45523e-01	4.22242e+04
1.66172e+04	3.13414e-02	1.00257e+04	2.28236e-01	3.49841e+04	4.50471e-04	3.92390e+03	5.70481e-03	8.04075e+03	8.13853e-03	1.21479e-01	4.30252e+04
1.68162e+04	2.28299e-02	8.95522e+03	1.92356e-01	3.54817e+04	3.49020e-04	3.54402e+03	5.00075e-03	8.26836e+03	6.16268e-03	1.01291e-01	4.37504e+04
1.70152e+04	1.66514e-02	7.99540e+03	1.62011e-01	3.59249e+04	2.69789e-04	3.19574e+03	4.36968e-03	8.47929e+03	4.66305e-03	8.43956e-02	4.44044e+04
1.72141e+04	1.21667e-02	7.13719e+03	1.36422e-01	3.63186e+04	2.08174e-04	2.87786e+03	3.80782e-03	8.67368e+03	3.52756e-03	7.02938e-02	4.49925e+04
1.74131e+04	8.90962e-03	6.37162e+03	1.14892e-01	3.66676e+04	1.60432e-04	2.58891e+03	3.31060e-03	8.85192e+03	2.66931e-03	5.85493e-02	4.55197e+04
1.76121e+04	6.54147e-03	5.68993e+03	9.68080e-02	3.69767e+04	1.23550e-04	2.32718e+03	2.87294e-03	9.01459e+03	2.02135e-03	4.87847e-02	4.59914e+04
1.78111e+04	4.81687e-03	5.08377e+03	8.16342e-02	3.72501e+04	9.51238e-05	2.09084e+03	2.48950e-03	9.16248e+03	1.53242e-03	4.06759e-02	4.64127e+04
1.80101e+04	3.55837e-03	4.54531e+03	6.89106e-02	3.74918e+04	7.32533e-05	1.87798e+03	2.15492e-03	9.29645e+03	1.16352e-03	3.39473e-02	4.67884e+04
1.82091e+04	2.63777e-03	4.06729e+03	5.82434e-02	3.77055e+04	5.64460e-05	1.68669e+03	1.86396e-03	9.41747e+03	8.85057e-04	2.83658e-02	4.71230e+04
1.84081e+04	1.96247e-03	3.64306e+03	4.92986e-02	3.78943e+04	4.35379e-05	1.51509e+03	1.61164e-03	9.52650e+03	6.74673e-04	2.37356e-02	4.74209e+04
1.86071e+04	1.46561e-03	3.26659e+03	4.17942e-02	3.80614e+04	3.36258e-05	1.36138e+03	1.39334e-03	9.62455e+03	5.15522e-04	1.98932e-02	4.76860e+04
1.88061e+04	1.09884e-03	2.93243e+03	3.54932e-02	3.82093e+04	2.60120e-05	1.22383e+03	1.20480e-03	9.71257e+03	3.94933e-04	1.67022e-02	4.79219e+04
1.90051e+04	8.27152e-04	2.63570e+03	3.01971e-02	3.83402e+04	2.01595e-05	1.10085e+03	1.04217e-03	9.79148e+03	3.03389e-04	1.40497e-02	4.81317e+04
1.92040e+04	6.25174e-04	2.37205e+03	2.57402e-02	3.84563e+04	1.56560e-05	9.90939e+02	9.02035e-04	9.86217e+03	2.33741e-04	1.18422e-02	4.83185e+04
1.94030e+04	4.74455e-04	2.13763e+03	2.19841e-02	3.85593e+04	1.21860e-05	8.92735e+02	7.81340e-04	9.92545e+03	1.80626e-04	1.00024e-02	4.84848e+04
1.96020e+04	3.61556e-04	1.92902e+03	1.88138e-02	3.86509e+04	9.50783e-06	8.04992e+02	6.77415e-04	9.98208e+03	1.40015e-04	8.46674e-03	4.86330e+04
1.98010e+04	2.76657e-04	1.74318e+03	1.61335e-02	3.87324e+04	7.43700e-06	7.26582e+02	5.87926e-04	1.00327e+04	1.08880e-04	7.18270e-03	4.87651e+04
2.00000e+04	2.12563e-04	1.57747e+03	1.38634e-02	3.88049e+04	5.83249e-06	6.56490e+02	5.10847e-04	1.00781e+04	8.49414e-05	6.10710e-03	4.88830e+04
